structure(list(RK = c(2, 3, 5, 8, 12, 13, 15, 16, 26, 32, 33, 
35, 42, 45, 47, 48, 51, 52, 57, 64, 71, 72, 73, 76, 77, 91, 97, 
104, 107, 109, 111, 118, 134, 136, 140, 156, 167, 176, 177, 179, 
184), YDS.DRIVE = c(309.8, 308.5, 307.2, 304.5, 300, 299.1, 298.2, 
298.2, 295.8, 294.5, 294.4, 294.2, 293.3, 292.9, 292.7, 292.7, 
292.3, 292.1, 291.8, 290.9, 290.3, 290.2, 290.2, 289.7, 289.6, 
288.4, 287.8, 287, 286.9, 286.8, 286.4, 285.4, 282.9, 282.3, 
281.9, 279.7, 278.6, 277.1, 277, 276, 273.9), DRIVING.ACC. = c(55.7, 
56.4, 54.5, 54.5, 62.6, 52.7, 61.6, 57.8, 57.2, 58.7, 62.9, 61.3, 
64.2, 51.3, 63.7, 64.2, 63.3, 56.7, 67.9, 62.1, 65.6, 67.2, 63, 
68, 61.7, 60.2, 65.2, 57.9, 67.9, 62.7, 64.1, 60.5, 68.5, 71.1, 
69.2, 71.2, 66.5, 64.3, 62.4, 71, 53.8), DRVE.TOTAL = c(178, 
175, 188, 190, 127, 201, 143, 178, 190, 189, 143, 169, 130, 235, 
142, 133, 153, 221, 95, 187, 134, 118, 180, 111, 203, 237, 169, 
265, 144, 222, 200, 258, 164, 145, 164, 164, 223, 260, 297, 189, 
369), GREENS.IN.REG. = c(68.5, 68, 65.5, 65.8, 66.2, 65.1, 65, 
67.7, 65.5, 62.5, 69.6, 68.7, 69.9, 62.7, 66.1, 69.9, 68.6, 61.9, 
68.7, 61.6, 63.7, 72.5, 60.9, 66.7, 66, 67.9, 66.3, 67.7, 69.4, 
62.5, 66.1, 66.2, 68.3, 68.2, 66.7, 66.5, 65.9, 62.4, 65.3, 67.1, 
57.9), PUTT.AVG. = c(1.763, 1.767, 1.77, 1.799, 1.795, 1.762, 
1.752, 1.777, 1.744, 1.834, 1.799, 1.753, 1.774, 1.77, 1.809, 
1.779, 1.79, 1.75, 1.797, 1.772, 1.755, 1.812, 1.779, 1.768, 
1.797, 1.768, 1.76, 1.752, 1.739, 1.804, 1.833, 1.751, 1.746, 
1.752, 1.812, 1.739, 1.752, 1.71, 1.751, 1.767, 1.761), SAVE.PCT. = c(47, 
44.8, 52.8, 45, 52.5, 53.6, 50, 54.8, 52.4, 39.7, 53, 47.9, 44.5, 
43.1, 36.5, 42.7, 51.9, 53.7, 45.8, 43.3, 50.3, 54.4, 45.4, 45.8, 
50.8, 48.4, 58.8, 57.3, 56.2, 54.6, 59.8, 55.1, 54.8, 52.7, 47.1, 
56.3, 54.8, 59.2, 65.8, 48, 59.5), birdie.conversion = c(34.38, 
34.72, 34.64, 29.4, 30.5933333333333, 34.33, 32.62, 36.76, 30.48, 
29.02, 30.05, 29.61, 26.79, 33.43, 31.08, 32.54, 28.34, 29.38, 
29.21, 27.71, 28.26, 29.99, 30.5933333333333, 31.76, 30.96, 28.59, 
34.25, 27.4, 32.2, 30.6, 30.5933333333333, 29.23, 30.5933333333333, 
26.97, 28.32, 31.06, 32.12, 31.14, 26.16, 27.86, 30.5933333333333
), BOUNCE.BACK = c(28.24, 24.61, 26.77, 22.47, 22.0930555555556, 
22.9, 22.05, 34.44, 22.49, 15.79, 20.74, 24.64, 17.54, 23.32, 
19.72, 23.08, 20.1, 20.1, 24.67, 14.4, 21.72, 27.65, 22.0930555555556, 
19.19, 22.35, 20.11, 22.78, 17.5, 24.2, 20.57, 22.0930555555556, 
20.41, 22.0930555555556, 16.57, 22.83, 23.04, 25.42, 19.59, 23.08, 
20.27, 22.0930555555556), AVG. = c(123.52, 121.49, 120.62, 117.14, 
114.268055555556, 118.09, 116.3, 120.16, 115.11, 108.67, 120.27, 
117.16, 112.2, 116.89, 119.78, 117.5, 112.19, 114.07, 112.11, 
113.62, 113.32, 119.07, 114.268055555556, 108.89, 113.03, 110.54, 
117.1, 114.01, 110.53, 111.8, 114.268055555556, 111.6, 114.268055555556, 
104.59, 112.3, 107.74, 112.65, 110.67, 109.64, 109.28, 114.268055555556
), FASTEST.SPEED = c(128.17, 125.92, 124.05, 122.1, 118.903333333333, 
123.56, 120.56, 125.78, 118.87, 112.38, 122.85, 121.56, 117.92, 
121.64, 125.07, 122.39, 116.92, 120.04, 115.06, 118.68, 117.69, 
125.16, 118.903333333333, 117.77, 118.14, 113.85, 123.18, 117.24, 
116.14, 115.21, 118.903333333333, 114.18, 118.903333333333, 107.81, 
116.95, 111.24, 118.02, 116.61, 113.9, 113.91, 118.903333333333
), SLOWEST.SPEED = c(120.62, 112.62, 116.26, 113.66, 109.944166666667, 
114.79, 111.6, 115.06, 111.19, 104.89, 109.8, 113.51, 106.89, 
111.59, 115.96, 114.45, 108.42, 110.71, 108.4, 110.5, 109.34, 
113.95, 109.944166666667, 105.67, 109.9, 106.93, 110.61, 111.07, 
106.56, 107, 109.944166666667, 107.64, 109.944166666667, 101.69, 
107.08, 103.79, 106.2, 107.54, 106.64, 105.46, 109.944166666667
), GOING.FOR.THE.GREEN.. = c(76.28, 63.16, 62.6, 69.38, 52.8488888888889, 
57.4, 59.41, 69.47, 52.28, 43.1, 61.26, 50.95, 50.96, 56.33, 
66.67, 56.13, 56.15, 48.35, 55.19, 50.47, 57.04, 55.98, 52.8488888888889, 
39.76, 50.38, 60.42, 58.7, 57.24, 50.98, 41.04, 52.8488888888889, 
55.08, 52.8488888888889, 24.86, 47.13, 42.41, 41.6, 44.12, 37.89, 
32.39, 52.8488888888889), HIT.FAIRWAY.PCT = c(55.28, 52.88, 55.41, 
55.46, 59.4219444444444, 52.9, 56.58, 54.67, 53.29, 66.91, 54.98, 
61.6, 62.07, 52.05, 56.57, 60.58, 59.69, 52.62, 56.43, 50.72, 
69.69, 64.57, 59.4219444444444, 70, 55.48, 52.7, 62.09, 56.94, 
61.83, 61.93, 59.4219444444444, 66.82, 59.4219444444444, 67.68, 
63.06, 70.01, 60.35, 59.79, 58.43, 67.13, 59.4219444444444), 
    ONE.PUTT.PCT = c(76.28, 63.16, 62.6, 69.38, 52.8488888888889, 
    57.4, 59.41, 69.47, 52.28, 43.1, 61.26, 50.95, 50.96, 56.33, 
    66.67, 56.13, 56.15, 48.35, 55.19, 50.47, 57.04, 55.98, 52.8488888888889, 
    39.76, 50.38, 60.42, 58.7, 57.24, 50.98, 41.04, 52.8488888888889, 
    55.08, 52.8488888888889, 24.86, 47.13, 42.41, 41.6, 44.12, 
    37.89, 32.39, 52.8488888888889), PAR.5 = c(4.47, 4.5, 4.59, 
    4.6, 4.62861111111111, 4.58, 4.62, 4.55, 4.67, 4.66, 4.58, 
    4.58, 4.64, 4.56, 4.63, 4.59, 4.61, 4.76, 4.67, 4.78, 4.7, 
    4.65, 4.62861111111111, 4.64, 4.67, 4.66, 4.54, 4.71, 4.54, 
    4.67, 4.62861111111111, 4.54, 4.62861111111111, 4.74, 4.66, 
    4.61, 4.65, 4.61, 4.69, 4.71, 4.62861111111111), prox.to.hole = c(36, 
    34.6, 36.1, 37, 35.9944444444444, 38.4, 36.1, 36.3, 34.1, 
    37.2, 36.2, 32.9, 35.9, 36.4, 39.9, 35.1, 35, 38.6, 39, 37.8, 
    35.9, 37.9, 35.9944444444444, 34.8, 35.1, 36.5, 33.5, 40.2, 
    36.9, 35.8, 35.9944444444444, 34, 35.9944444444444, 35.4, 
    34.3, 34.6, 35.1, 35.8, 35.9, 31.5, 35.9944444444444), Putts.per.round = c(28.96, 
    28.47, 28.32, 29.87, 29.0472222222222, 28.23, 28.83, 28.44, 
    29, 29, 30.11, 29.77, 29.58, 28.7, 28.96, 28.44, 29.15, 29.15, 
    28.98, 28.67, 29.65, 29.53, 29.0472222222222, 28.51, 28.93, 
    29.79, 29.17, 30.44, 28.39, 28.81, 29.0472222222222, 29.35, 
    29.0472222222222, 28.95, 29.6, 28.78, 28.35, 28.26, 29.17, 
    29.39, 29.0472222222222), ROUGH.TENDENCY = c(35.82, 33.73, 
    33.33, 31.91, 29.6775, 31.4, 31.79, 34.85, 33.96, 23.22, 
    32.35, 30.51, 26.88, 35.76, 30.91, 27.12, 31.31, 35.87, 31.82, 
    35.03, 23.43, 25.91, 29.6775, 23.65, 34.34, 32.4, 23.3, 30, 
    27.69, 25.83, 29.6775, 24.18, 29.6775, 25.66, 26.43, 22.52, 
    29.97, 29.37, 31.04, 25.1, 29.6775), SAND.SAVE.PERCENTAGE = c(46.88, 
    38.6, 48.65, 42.06, 51.6763888888889, 53.29, 50.3, 61.11, 
    49.15, 53.47, 50, 38.46, 52.5, 53.42, 45.56, 55.83, 51.16, 
    59.79, 54.19, 52.27, 47.1, 50, 51.6763888888889, 55.86, 45.03, 
    51.76, 60.75, 41.33, 61.49, 52.54, 51.6763888888889, 59.2, 
    51.6763888888889, 52.63, 41.73, 56.25, 63.19, 59.04, 61.17, 
    44.59, 51.6763888888889), SCORING.AVG = c(69.296, 69.585, 
    70.581, 71.734, 70.5953611111111, 70.585, 70.613, 69.161, 
    70.102, 70.92, 70.456, 69.806, 70.672, 70.268, 69.958, 70.23, 
    70.761, 71.95, 71.124, 72.419, 71.282, 71.09, 70.5953611111111, 
    70.829, 71.067, 71.83, 69.744, 71.559, 70.04, 70.421, 70.5953611111111, 
    70.31, 70.5953611111111, 71.975, 70.633, 69.753, 70.121, 
    70.158, 70.555, 69.845, 70.5953611111111), scrambling = c(61.89, 
    57.85, 59.35, 50.45, 59.3411111111111, 59.38, 58.74, 65.34, 
    60.57, 62.09, 54.09, 56.13, 61.9, 57.71, 58.41, 61.1, 60.97, 
    57.01, 59.6, 55.87, 58.66, 55.2, 59.3411111111111, 60.25, 
    59.06, 56.59, 59.14, 51.56, 63.78, 60.76, 59.3411111111111, 
    64.38, 59.3411111111111, 61.98, 55.28, 60.98, 62.87, 63.27, 
    61.14, 62.93, 59.3411111111111), STROKES.GAINED.PUTTING = c(0.212, 
    0.128, -0.004, -0.572, 0.00269444444444445, 0.262, 0.065, 
    0.586, 0.147, 0.125, -0.396, 0.014, -0.229, 0.692, -0.022, 
    0.309, -0.511, -0.493, 0.39, 0.075, -0.219, -0.061, 0.00269444444444445, 
    0.16, 0.195, -0.609, 0.023, -0.692, 0.316, 0.225, 0.00269444444444445, 
    -0.646, 0.00269444444444445, 0.201, -0.7, 0.04, 0.233, 0.588, 
    0.289, -0.024, 0.00269444444444445),