structure(list(RK = c(2, 3, 5, 8, 13, 14, 16, 19, 22, 23, 24, 
25, 27, 28, 29, 35, 38, 43, 48, 52, 58, 59, 61, 63, 64, 65, 67, 
68, 73, 78, 81, 83, 85, 88, 99, 101, 102, 105, 106, 107, 109, 
111, 113, 115, 118, 121, 122, 124, 128, 134, 139, 142, 143, 144, 
148, 155, 163, 164, 167, 170, 175, 177, 183), YDS.DRIVE = c(314.9, 
314.2, 310.5, 304.9, 303, 302.6, 301.9, 301.6, 299.8, 299.8, 
299.7, 299.5, 299.5, 299.2, 299.2, 298.5, 297.4, 297, 296.6, 
296.2, 295.3, 295.2, 294.7, 294.6, 294.6, 294.4, 294.3, 294.2, 
293.3, 292.5, 291.8, 291.8, 291.6, 291.6, 290.6, 290.2, 290.2, 
290.1, 290, 289.9, 289.5, 289.2, 288.8, 288.5, 288.1, 287.5, 
287.4, 287.2, 286.2, 285.6, 284.9, 284.9, 284.8, 284.8, 284.1, 
282.8, 281.9, 281.4, 280.3, 279.8, 279.1, 278.2, 275.6), DRIVING.ACC. = c(56.9, 
57.2, 58.1, 54.7, 58.5, 54.7, 58.2, 55, 60.3, 53.2, 64, 56.7, 
53.8, 58, 56.8, 59.4, 63.6, 61.7, 63.6, 55.7, 60.5, 61, 53, 55.8, 
61, 58, 59.7, 47, 58.5, 56.7, 56.6, 62.3, 60.3, 62.9, 63.3, 62.2, 
62.9, 63.1, 62.9, 61.4, 66.3, 63.7, 62.5, 61.7, 60.1, 58.2, 66.5, 
64, 64.7, 62, 67.1, 67.5, 56.3, 67.6, 64.3, 64.8, 74.9, 68, 66.4, 
57.7, 71.8, 71.1, 73.3), DRVE.TOTAL = c(154, 150, 142, 181, 147, 
186, 152, 189, 136, 199, 86, 182, 201, 167, 183, 158, 105, 138, 
115, 217, 170, 166, 240, 227, 167, 205, 188, 254, 205, 234, 240, 
168, 199, 167, 173, 188, 181, 180, 188, 206, 147, 176, 198, 208, 
235, 256, 157, 185, 180, 225, 165, 160, 305, 163, 204, 206, 165, 
182, 204, 312, 181, 185, 186), GREENS.IN.REG. = c(69.8, 68.4, 
69.4, 64, 66.6, 64.9, 66.9, 58.8, 66.8, 67, 68.1, 64.5, 63.8, 
66.8, 63.4, 68.3, 68, 66, 69.4, 63.8, 64.5, 65.8, 64.1, 63.2, 
65.9, 61.6, 66.5, 61.6, 66.5, 62.7, 60.6, 64.4, 65.7, 68.8, 69.5, 
62.5, 67.5, 62.9, 62.6, 64.4, 66.1, 65.6, 66, 68.1, 69.9, 60.7, 
64.9, 64.9, 67, 65.9, 66.4, 63.7, 63.2, 66, 67.3, 65.6, 71.4, 
67.6, 66.1, 61, 66.6, 66.4, 62.4), PUTT.AVG. = c(1.785, 1.759, 
1.793, 1.82, 1.761, 1.737, 1.738, 1.767, 1.763, 1.778, 1.772, 
1.723, 1.772, 1.779, 1.776, 1.798, 1.789, 1.78, 1.775, 1.741, 
1.768, 1.768, 1.784, 1.814, 1.754, 1.771, 1.796, 1.762, 1.803, 
1.788, 1.784, 1.744, 1.768, 1.751, 1.784, 1.779, 1.803, 1.756, 
1.749, 1.776, 1.776, 1.788, 1.71, 1.791, 1.815, 1.795, 1.772, 
1.727, 1.735, 1.787, 1.784, 1.775, 1.767, 1.782, 1.7, 1.761, 
1.798, 1.781, 1.786, 1.724, 1.749, 1.758, 1.777), SAVE.PCT. = c(38.7, 
41.5, 42.6, 40.6, 44.2, 61, 48.1, 39.8, 43.2, 52.2, 55.7, 45.1, 
51.2, 52.2, 54.1, 38.7, 52.3, 47.9, 43.9, 54.4, 44.2, 41.1, 50.6, 
48, 47.1, 45.7, 54.6, 54.4, 44.4, 53, 52.6, 50.4, 50.4, 51.4, 
58.2, 52.4, 51.7, 46.4, 52.3, 58.7, 51.3, 48.1, 52.1, 53, 39.5, 
53.2, 50, 49.7, 58.9, 55.6, 47.3, 50, 53.7, 55.2, 59.1, 55.2, 
45.4, 53.4, 51.3, 55.3, 55.9, 54.6, 56), birdie.conversion = c(31.96, 
33.41, 31.03, 30.54, 31.57, 33.8, 33.26, 32.51, 32.24, 31.46, 
30.83, 33.69, 30.53, 27.63, 30.46, 28.02, 29.45, 30.06, 29.06, 
32.99, 29.38, 31.33, 28.24, 27.01, 30.67, 28.95, 30.72, 31.13, 
27.51, 28.99, 29.71, 31.42, 29.5, 32.36, 29.17, 30.12, 28.03, 
30.46, 32.53, 30.69, 29.57, 29.28, 35.33, 25.88, 25.14, 27.58, 
30.95, 32.52, 31.86, 27.36, 28.24, 28.81, 29.57, 27.62, 34.11, 
29.12, 25.98, 26.51, 27.25, 33.12, 29.65, 29.11, 27.23), BOUNCE.BACK = c(21.46, 
26.58, 20.32, 22.35, 23.53, 19.89, 20.97, 21.88, 23.7, 18.52, 
25, 25.1, 22.22, 24.52, 23.42, 22.73, 17.2, 18.67, 19.91, 26.15, 
18.91, 22.87, 16.07, 15.65, 22.57, 18.18, 16.95, 20.27, 19.33, 
20.82, 21.46, 19.47, 22.65, 24.79, 22.55, 20.25, 20.18, 21.46, 
22.4, 19.58, 20.42, 21.4, 20.26, 15.89, 18.78, 20.9, 24.91, 19.91, 
19.51, 24.14, 16.75, 19.9, 19.72, 16.82, 25.9, 19.73, 17.83, 
17.43, 18.01, 17.6, 22.04, 16.39, 18.14), AVG. = c(124.55, 122.13, 
124.34, 122.2, 117.65, 117.02, 118.01, 119.72, 118.1, 118.48, 
117.26, 114.53, 114.87, 119.43, 117.69, 115.89, 113.85, 116.67, 
117.18, 119.14, 113.5, 114.11, 115.15, 115.87, 116.5, 113.09, 
113.05, 114.85, 117.54, 113.79, 114.91, 110.92, 114.84, 111.76, 
114.89, 113.92, 112.11, 113.45, 113.08, 114.98, 113.1, 115.06, 
110.94, 118.4, 112.42, 114.24, 110.2, 110.45, 110.41, 110.6, 
108.85, 108.98, 108.94, 107.61, 111.97, 110.02, 106.13, 108.71, 
107.55, 113.12, 106.24, 106.92, 106.61), FASTEST.SPEED = c(128.29, 
125.71, 127.95, 126.13, 122, 120.72, 123.37, 122.53, 123.59, 
122.97, 120.08, 119.67, 119.89, 124.01, 121.18, 119.76, 116.91, 
120.69, 119.71, 122.4, 118.09, 117.58, 118.07, 122.04, 120.25, 
117.56, 116.25, 118.41, 123.89, 116.85, 118.26, 115.72, 119.26, 
114.95, 119.98, 117.94, 114.68, 117.24, 116.13, 117.9, 116.19, 
119.2, 113.98, 121.09, 116.81, 117.87, 113.46, 113.39, 115.62, 
113.62, 114.3, 113.16, 112.61, 112.15, 116.88, 112.87, 109.89, 
112.61, 112.68, 117.98, 110.4, 109.89, 110.27), SLOWEST.SPEED = c(121.67, 
118.63, 117.28, 115.29, 110.87, 110.67, 109.18, 116.86, 114.73, 
115.22, 113.93, 107.53, 103.71, 115.82, 111.95, 110.37, 103.12, 
112.59, 108.62, 114.63, 110.42, 110.65, 110.86, 111.44, 110.14, 
109.85, 109.1, 111.4, 113.25, 110.82, 109.6, 105.23, 108.47, 
104.53, 111.39, 110.5, 106.64, 110.45, 105.66, 111.6, 110.91, 
111.02, 107.35, 112.13, 108.26, 110.98, 106.02, 108.34, 106.82, 
106.01, 104.17, 104.96, 105.68, 104.81, 108.08, 107.14, 102.88, 
104.15, 104.31, 108.21, 102.75, 102.93, 103.7), GOING.FOR.THE.GREEN.. = c(74.04, 
69.52, 69.84, 70.66, 63.93, 63.98, 67.86, 68, 69.1, 64.6, 67.08, 
55.33, 60.83, 69.87, 57.93, 52.38, 66.14, 58.62, 65.17, 68.3, 
63.71, 54.78, 49.11, 52.58, 54.93, 50.76, 51.74, 57.01, 54.55, 
57.14, 47.06, 53.65, 60.23, 56.75, 57.02, 54.79, 59.13, 60.18, 
48.37, 47.92, 52.45, 55.3, 45.19, 43.75, 53.49, 44.44, 54.44, 
52.47, 51, 43.9, 47.77, 47.27, 42.3, 44.8, 44.39, 42.18, 39.06, 
39.84, 42.86, 50, 41.95, 42.68, 40.27), HIT.FAIRWAY.PCT = c(59.31, 
58.34, 59.14, 55.29, 60.17, 56.13, 59.14, 55.07, 61.83, 54.67, 
67.14, 58.25, 55.15, 60, 58.01, 61.94, 64, 62.41, 65.13, 57.38, 
60.44, 61.1, 55.83, 56.8, 62.56, 59.06, 60.77, 50.13, 58.8, 58.73, 
58.9, 63.22, 61.82, 64.62, 64.46, 63.49, 65.26, 64.34, 62.42, 
61.38, 68.41, 65.79, 63.51, 61.71, 61.65, 58.86, 65.56, 64.19, 
64.88, 63.6, 68.63, 68.06, 57.91, 67.98, 66.76, 66.06, 74.81, 
70.46, 66.61, 58.45, 70.7, 72.62, 73.31), ONE.PUTT.PCT = c(36.64, 
36.62, 36.2, 34.52, 39.11, 43.53, 40.91, 37.11, 36.84, 39.47, 
39.08, 41.29, 40.97, 37.7, 40.4, 35.48, 38.09, 38.79, 36.71, 
40.62, 37.85, 39.99, 40.4, 36.98, 38.74, 39.05, 38.54, 41.39, 
37.18, 35.56, 36.11, 38.83, 38.75, 39.08, 36.8, 40.96, 37.08, 
41.41, 42.76, 38.66, 37.94, 39.26, 44.77, 36.11, 32.69, 38.8, 
40.14, 42.48, 41.16, 37.33, 39.5, 36.86, 40.05, 39.21, 43.86, 
39.54, 33.78, 36.95, 36.44, 44.25, 36.97, 40.74, 36.99), PAR.5 = c(4.49, 
4.63, 4.63, 4.61, 4.64, 4.57, 4.57, 4.57, 4.65, 4.54, 4.56, 4.61, 
4.63, 4.62, 4.6, 4.67, 4.56, 4.7, 4.6, 4.59, 4.64, 4.65, 4.75, 
4.69, 4.54, 4.72, 4.64, 4.65, 4.71, 4.65, 4.67, 4.62, 4.6, 4.58, 
4.62, 4.61, 4.73, 4.71, 4.75, 4.77, 4.63, 4.68, 4.49, 4.68, 4.7, 
4.7, 4.67, 4.6, 4.58, 4.67, 4.73, 4.64, 4.75, 4.66, 4.55, 4.71, 
4.71, 4.65, 4.69, 4.58, 4.59, 4.6, 4.62), prox.to.hole = c(36, 
34.9, 35.6, 38.3, 36.6, 37.1, 35, 36.8, 35.9, 35.2, 35.9, 34, 
37.6, 35.8, 36.1, 33.3, 35.7, 37.7, 37.1, 37.5, 37.3, 36.7, 36.4, 
35.7, 34.6, 35.9, 34.1, 38.1, 34.8, 35.3, 34.7, 34.9, 35.9, 36.1, 
35.6, 34.3, 35.7, 35.7, 34.4, 34.7, 34.1, 35, 33.9, 35.11, 34.8, 
36.2, 36.7, 34.5, 34, 34.3, 35.5, 33.6, 36.6, 34.6, 32.1, 33.11, 
31.11, 33.1, 33.1, 36.1, 32.7, 33.1, 35), Putts.per.round = c(29.86, 
29.56, 29.69, 29.95, 28.91, 28.37, 28.44, 29.07, 29.41, 29.08, 
29.39, 28.35, 28.7, 29.13, 28.92, 30.04, 29.57, 29.25, 29.53, 
28.39, 29.33, 29.17, 28.98, 29.54, 29.26, 29.04, 29.53, 28.59, 
29.54, 29.3, 28.97, 28.75, 28.9, 29.21, 29.64, 28.69, 29.72, 
28.47, 28.47, 29.06, 29.38, 29.24, 27.96, 29.61, 30.39, 29.02, 
29.04, 28.51, 28.52, 29.17, 29.08, 29.23, 28.79, 29.09, 28.03, 
29.06, 30.16, 29.45, 29.25, 27.75, 28.96, 28.71, 28.96),