structure(list(RK = c(2, 3, 8, 12, 13, 14, 15, 16, 17, 18, 20, 
21, 26, 27, 33, 35, 42, 47, 48, 49, 51, 52, 54, 57, 61, 65, 68, 
71, 76, 77, 78, 82, 83, 84, 88, 91, 97, 104, 107, 109, 111, 117, 
131, 133, 134, 136, 137, 145, 150, 155, 156, 162, 164, 167, 173, 
176, 177, 179, 184, 188), YDS.DRIVE = c(309.8, 308.5, 304.5, 
300, 299.1, 298.9, 298.2, 298.2, 297.7, 297.3, 296.5, 296.5, 
295.8, 295.7, 294.4, 294.2, 293.3, 292.7, 292.7, 292.4, 292.3, 
292.1, 292, 291.8, 291.4, 290.9, 290.6, 290.3, 289.7, 289.6, 
289.3, 289.1, 289.1, 289, 288.6, 288.4, 287.8, 287, 286.9, 286.8, 
286.4, 285.5, 283.1, 283, 282.9, 282.3, 282.1, 281.3, 280.6, 
279.8, 279.7, 279, 278.9, 278.6, 277.4, 277.1, 277, 276, 273.9, 
272.2), DRIVING.ACC. = c(55.7, 56.4, 54.5, 62.6, 52.7, 56.7, 
61.6, 57.8, 64.2, 55.4, 60.3, 62.6, 57.2, 62.8, 62.9, 61.3, 64.2, 
63.7, 64.2, 64, 63.3, 56.7, 65.2, 67.9, 64.8, 61.5, 62, 65.6, 
68, 61.7, 64, 64.8, 60.3, 59.8, 64.3, 60.2, 65.2, 57.9, 67.9, 
62.7, 64.1, 58.4, 66, 64.5, 68.5, 71.1, 62.8, 71.9, 68.9, 66.9, 
71.2, 70.5, 72.4, 66.5, 70.3, 64.3, 62.4, 71, 53.8, 73.7), DRVE.TOTAL = c(178, 
175, 190, 127, 201, 184, 143, 178, 102, 195, 164, 136, 190, 138, 
143, 169, 130, 142, 133, 141, 153, 221, 123, 95, 136, 193, 192, 
134, 111, 203, 170, 159, 225, 236, 170, 237, 169, 265, 144, 222, 
200, 276, 191, 214, 164, 145, 249, 151, 176, 204, 164, 173, 169, 
223, 189, 260, 297, 189, 369, 192), GREENS.IN.REG. = c(68.5, 
68, 65.8, 66.2, 65.1, 64.6, 65, 67.7, 70.3, 63.9, 67.8, 69.6, 
65.5, 67.4, 69.6, 68.7, 69.9, 66.1, 69.9, 68.6, 68.6, 61.9, 69.2, 
68.7, 66, 70, 67.5, 63.7, 66.7, 66, 68.2, 68.2, 65, 60.6, 66, 
67.9, 66.3, 67.7, 69.4, 62.5, 66.1, 68.2, 65.2, 67.9, 68.3, 68.2, 
58.6, 67.6, 67, 67.8, 66.5, 64.8, 66.7, 65.9, 65, 62.4, 65.3, 
67.1, 57.9, 66.7), PUTT.AVG. = c(1.763, 1.767, 1.799, 1.795, 
1.762, 1.735, 1.752, 1.777, 1.815, 1.753, 1.794, 1.764, 1.744, 
1.783, 1.799, 1.753, 1.774, 1.809, 1.779, 1.777, 1.79, 1.75, 
1.776, 1.797, 1.766, 1.796, 1.77, 1.755, 1.768, 1.797, 1.817, 
1.77, 1.768, 1.778, 1.764, 1.768, 1.76, 1.752, 1.739, 1.804, 
1.833, 1.776, 1.774, 1.808, 1.746, 1.752, 1.736, 1.753, 1.805, 
1.755, 1.739, 1.793, 1.802, 1.752, 1.8, 1.71, 1.751, 1.767, 1.761, 
1.756), SAVE.PCT. = c(47, 44.8, 45, 52.5, 53.6, 54.8, 50, 54.8, 
36.9, 51.1, 51.6, 43.3, 52.4, 54.6, 53, 47.9, 44.5, 36.5, 42.7, 
45, 51.9, 53.7, 54.7, 45.8, 54.6, 53.8, 41.7, 50.3, 45.8, 50.8, 
48.2, 55.6, 58.9, 49.1, 51.1, 48.4, 58.8, 57.3, 56.2, 54.6, 59.8, 
54.3, 59.1, 45.5, 54.8, 52.7, 62.9, 50, 57.9, 40.9, 56.3, 52.3, 
50, 54.8, 44.2, 59.2, 65.8, 48, 59.5, 61.6), birdie.conversion = c(32.03, 
32.57, 28.86, 28.76, 32.81, 31.65, 32.93, 28.89, 27.29, 30.85, 
28.92, 31.57, 32.19, 30.1, 29.52, 31.38, 29.21, 28.2, 28.09, 
29.37, 28.76, 29.65, 30.4, 28.31, 29.69, 28.06, 30.31, 31.36, 
29.92, 29.01, 26.77, 29.46, 32.13, 28.61, 30.24, 29.51, 30.75, 
31.46, 31.22, 26.13, 24.54, 28.84, 28.93, 27.01, 30.8, 29.94, 
29.82, 30.17, 25.17, 29.03, 30.58, 26.87, 26.61, 30.31, 26.41, 
32.73, 28.54, 28.33, 28.47, 28.39), BOUNCE.BACK = c(22.75, 21.37, 
22.56, 16.89, 19.7, 27.72, 27.78, 23.18, 22.32, 21.61, 20.88, 
20.94, 17.89, 22.52, 21.94, 18.66, 17.04, 26.79, 20, 22.94, 23.08, 
25, 20, 17.39, 20.63, 24.14, 26.75, 19.59, 22.33, 16.5, 18.54, 
21.67, 20.18, 19.8, 20.2, 19.08, 22.28, 19.08, 21.67, 17.27, 
17.61, 20, 19.5, 17.81, 17.72, 23.81, 20.16, 20, 18.09, 18.41, 
21.79, 22.14, 18.94, 20.91, 19.92, 23.83, 17.53, 22.54, 13.74, 
18.32), AVG. = c(123.58, 121.94, 120.63, 116.55, 119.56, 119.95, 
118.88, 117.88, 117.68, 115.77, 118.12, 118.5, 114.84, 116.41, 
118.42, 119.37, 118.55, 118.83, 115.17, 115.53, 113.77, 115.43, 
114.68, 112.31, 115.32, 115.8, 114.43, 115.6, 113.9, 114.77, 
113.61, 112.87, 114.06, 115.21, 113.56, 113.92, 113.57, 114.08, 
110.76, 110.84, 115.78, 116.87, 111.24, 110.73, 111.18, 108.96, 
109.72, 107.18, 106.81, 109.4, 107.92, 108.44, 106.9, 111.35, 
107.76, 108.16, 110.86, 108.83, 108.78, 105.88), FASTEST.SPEED = c(127.76, 
127.84, 123.61, 122.69, 123.61, 124.53, 124.55, 123.26, 121.44, 
120.92, 124.65, 123.45, 120.41, 120.19, 124.98, 125.75, 123.9, 
123.79, 120.03, 120.51, 117.85, 120.97, 118.6, 117.03, 120.97, 
120.91, 116.95, 119.39, 119.94, 118.92, 118.03, 116.88, 118.07, 
120.61, 118.61, 118.58, 117.69, 118, 115.07, 115.23, 122.35, 
120.59, 115.79, 114.71, 116.48, 112.31, 115.19, 110.71, 110.61, 
115.25, 114.78, 111.88, 110.4, 115.51, 111.83, 112.7, 115.89, 
113.33, 112.95, 110.82), SLOWEST.SPEED = c(118.07, 118.28, 116.16, 
112.02, 114.72, 113.93, 114.03, 107.8, 113.47, 108.03, 112.93, 
114.84, 111.1, 112.05, 114.68, 115.62, 113.9, 114.44, 110.77, 
111.45, 110.11, 110.25, 111.12, 107.96, 109.43, 112.28, 111.25, 
111.58, 109.98, 111.21, 110.2, 108.29, 111.1, 109.56, 109.93, 
110.34, 109.77, 110.97, 106.91, 108.38, 106.88, 113.28, 107.84, 
106.57, 107.72, 104.92, 104.17, 104.06, 104.06, 103.97, 104.61, 
104.79, 102.44, 106.48, 103.78, 104.44, 106.71, 104.66, 105.84, 
102.11), GOING.FOR.THE.GREEN.. = c(61.69, 71.85, 66.15, 68.28, 
64.84, 63.88, 66.08, 57.55, 56.6, 52.26, 64.93, 61.45, 52.53, 
61.36, 55.17, 52.67, 58.27, 53.38, 46.91, 52.05, 51.81, 50.62, 
58.6, 60.32, 58.24, 52.92, 48.76, 54.67, 58.11, 59.49, 53.47, 
54.67, 57.95, 47.4, 53.52, 54.59, 49.79, 42.35, 51.47, 46.55, 
38.62, 49.17, 41.31, 47.18, 41.38, 42.27, 37.29, 41.95, 41.84, 
40.73, 45.59, 43.14, 37.41, 45.83, 39.02, 39.53, 32.09, 40.48, 
40.15, 26.18), HIT.FAIRWAY.PCT = c(56.38, 55.17, 52.92, 61.3, 
51.87, 57.78, 62.89, 57.95, 64.76, 55.36, 60.2, 61.67, 56.53, 
63.6, 60.86, 61.24, 63.9, 61.38, 63.76, 63.62, 61.78, 56, 64.37, 
67.1, 65.89, 62.18, 62.11, 66.52, 67.97, 60.59, 63.34, 64.73, 
60.82, 60.35, 64.4, 58.01, 65.94, 57.18, 67.66, 63.01, 63.87, 
58.62, 65.8, 63.92, 67.39, 70.09, 62.66, 71.52, 68.91, 66.83, 
70.46, 70.02, 71.64, 65.8, 71.32, 64.47, 61.38, 72.03, 52.57, 
73.12), ONE.PUTT.PCT = c(37.23, 38.28, 37.39, 39.1, 39.91, 40.43, 
39.48, 38.48, 33.61, 38.2, 37.24, 38.13, 40.21, 36.79, 35.78, 
39.18, 37.16, 35.26, 38.27, 38.06, 36.56, 41.57, 39.21, 37.1, 
39.12, 36.73, 37.38, 37.72, 39.38, 38.5, 36.65, 37.01, 38.82, 
38.94, 38.65, 38.49, 40.38, 39.81, 40.23, 39, 35.76, 38.08, 37.47, 
35.37, 40.05, 39.43, 38.5, 40.65, 34.29, 37.7, 40.48, 34.23, 
35.62, 41.04, 34.71, 43.88, 41.09, 39.64, 42.5, 39.93), PAR.5 = c(4.52, 
4.58, 4.67, 4.78, 4.58, 4.69, 4.57, 4.68, 4.6, 4.72, 4.63, 4.65, 
4.72, 4.63, 4.67, 4.64, 4.59, 4.66, 4.69, 4.59, 4.61, 4.65, 4.61, 
4.66, 4.6, 4.61, 4.73, 4.67, 4.63, 4.72, 4.72, 4.62, 4.68, 4.71, 
4.71, 4.63, 4.63, 4.67, 4.56, 4.76, 4.71, 4.73, 4.65, 4.69, 4.58, 
4.67, 4.78, 4.72, 4.71, 4.69, 4.71, 4.67, 4.72, 4.66, 4.76, 4.65, 
4.71, 4.7, 4.75, 4.71), prox.to.hole = c(35.11, 36.3, 37.11, 
35.6, 33.1, 37.9, 34.7, 36.1, 33.4, 35.5, 35.1, 34.4, 34.11, 
35.6, 34.1, 34.7, 34.5, 34.9, 32.9, 35.6, 34, 34.9, 34.1, 35.9, 
35.1, 34.6, 36.2, 34.7, 34.9, 34.7, 35.3, 35.7, 36.5, 35.9, 34.6, 
36.2, 33.9, 33.8, 34.9, 37.4, 34.4, 34.4, 32.4, 35.5, 32.6, 33.3, 
34.3, 32.8, 36.2, 33.9, 34.5, 34.6, 32.9, 34.1, 33.3, 33.1, 33.6, 
33.9, 35.5, 30.3), Putts.per.round = c(29.4, 29.37, 29.48, 29.27, 
28.79, 28.57, 28.73, 29.15, 30.24, 29.04, 29.68, 29.32, 28.77, 
29.65, 30.07, 29.07, 29.48, 29.88, 29.3, 29.48, 29.84, 28.3, 
29.31, 29.6, 28.65, 29.54, 29.53, 29.07, 29.05, 29.43, 29.8, 
29.31, 29.36, 28.89, 29.07, 28.99, 28.64, 29.22, 28.74, 28.9, 
29.89, 29.32, 29.23, 29.74, 28.69, 29.07, 28.24, 28.89, 29.71, 
29.25, 28.73, 29.63, 29.62, 28.57, 29.7, 27.97, 28.46, 28.74, 
28.16, 28.87), ROUGH.TENDENCY = c(34.46, 34.49, 37.8, 30.56, 
37.32, 32.61, 27.86, 31.49, 26.23, 34.12, 31.99, 30.42, 32.79, 
28.19, 30.78, 29.8, 27.12, 28.25, 26.72, 29.46, 30.7, 34, 27.59, 
25.67, 27.12, 29.14, 29.51, 26.7, 25.06, 31.27, 29.68, 27.93, 
29.17, 29.97, 27.07, 32.81, 27, 33.38, 25.22, 29.89, 27.57, 31.3, 
25.3, 27.93, 26.32, 23.69, 27.17, 21.98, 24.09, 26.95, 22.47, 
23.08, 21.3, 27.87, 22.13, 26.6, 31.31, 22.69, 34.74, 21.27),