structure(list(RK = c(1, 3, 5, 7, 8, 11, 15, 16, 17, 18, 22, 
23, 28, 29, 30, 31, 32, 36, 40, 42, 47, 50, 51, 53, 57, 59, 60, 
61, 64, 65, 67, 70, 79, 80, 81, 91, 92, 95, 96, 97, 105, 109, 
110, 111, 119, 120, 122, 128, 136, 138, 145, 146, 153, 161, 162, 
165, 168, 170, 171, 180, 183, 184), YDS.DRIVE = c(315.5, 310.3, 
310.1, 308.6, 306.9, 304.6, 303.1, 302.7, 302.4, 301.6, 299.7, 
299.5, 298.2, 298.1, 297.7, 297.5, 297.4, 296.8, 296.1, 295.8, 
295.4, 294.7, 294.6, 294.4, 293.6, 293.3, 293.2, 293.1, 292.4, 
292.4, 292.2, 292, 291, 290.9, 290.9, 290.1, 290, 289.8, 289.5, 
289.5, 288.8, 288.8, 288.7, 288.6, 287.4, 287.4, 286.8, 286.2, 
285.5, 285.4, 285, 284.9, 284, 282.5, 282.3, 281.5, 281.1, 280.1, 
280, 276.7, 276, 275.5), DRIVING.ACC. = c(58.8, 56.6, 56.6, 52.5, 
59.5, 59.6, 58, 61.7, 58.1, 54.6, 57, 62.4, 59.2, 62.2, 54.7, 
60, 63.9, 58.9, 64.8, 61.4, 61.6, 55.2, 54.6, 54.3, 59.9, 56.7, 
64.4, 67.7, 66.9, 61.2, 63.6, 54.3, 65.9, 65.8, 59.7, 62, 53.3, 
58.1, 64.1, 57.9, 53.4, 63.4, 60.5, 61.5, 58, 61, 64.4, 65.1, 
70.1, 63.3, 65.1, 61.1, 62.3, 68.6, 64.1, 65.9, 68.5, 65.2, 70.7, 
71.6, 68.6, 69.8), DRVE.TOTAL = c(1, 3, 5, 7, 8, 10, 15, 16, 
17, 18, 22, 23, 28, 29, 30, 31, 32, 36, 40, 42, 47, 50, 51, 53, 
57, 58, 60, 61, 64, 64, 66, 68, 79, 80, 80, 90, 92, 95, 96, 96, 
105, 105, 110, 111, 119, 119, 122, 128, 136, 138, 145, 146, 152, 
161, 162, 165, 168, 170, 171, 180, 183, 184), GREENS.IN.REG. = c(69.9, 
69.2, 66.4, 61.3, 67.1, 66.6, 65.2, 66.5, 66.4, 64, 58.6, 68.8, 
65.3, 69.8, 61.2, 67.5, 67.6, 66.4, 67.1, 62.7, 66.2, 63.2, 66.6, 
64.1, 62.2, 64.1, 65, 69, 69.2, 65, 65.2, 58.1, 68.6, 70.3, 63.5, 
63.7, 55, 59.8, 60.2, 63.6, 64.3, 65.3, 63.7, 67.5, 61.9, 62.2, 
64.8, 65.4, 66.3, 68.3, 61.6, 58.5, 65.9, 66.1, 63.6, 61.3, 65, 
65, 68.2, 63.2, 64, 66.1), PUTT.AVG. = c(1.77, 1.784, 1.738, 
1.756, 1.793, 1.786, 1.753, 1.758, 1.809, 1.815, 1.807, 1.756, 
1.775, 1.77, 1.792, 1.785, 1.761, 1.777, 1.738, 1.78, 1.787, 
1.784, 1.793, 1.747, 1.749, 1.801, 1.773, 1.786, 1.756, 1.762, 
1.802, 1.744, 1.769, 1.78, 1.818, 1.784, 1.804, 1.749, 1.805, 
1.784, 1.81, 1.836, 1.725, 1.735, 1.792, 1.77, 1.74, 1.752, 1.739, 
1.747, 1.765, 1.749, 1.787, 1.817, 1.785, 1.753, 1.726, 1.745, 
1.774, 1.79, 1.8, 1.78), SAVE.PCT. = c(39.3, 44.5, 56.2, 54.4, 
45.8, 45.7, 47, 55.3, 38.9, 38.2, 46.4, 44.2, 43.2, 54.4, 47.6, 
44.9, 49, 47.2, 48.1, 51.8, 50.9, 51.6, 46.5, 55.1, 59.4, 46.2, 
48.6, 45.9, 56.7, 56.4, 58.6, 58.3, 48.8, 62.8, 50, 55.3, 52.4, 
45.3, 54.4, 52.9, 44.9, 42.7, 57.9, 51.2, 39.4, 49, 54.6, 60.1, 
33.3, 47.6, 56.1, 50.8, 39.4, 46.9, 48.7, 54, 57.2, 56.5, 65.2, 
54.3, 52.6, 59.2), birdie.conversion = c(30.88, 31.71, 34.68, 
32.18, 29.52, 30.45, 32.11, 32.13, 28.16, 28.5, 26.84, 30.12, 
30.92, 30.83, 29.8, 29.45, 31.66, 30.15, 32.46, 30.38, 29.47, 
32.09, 27.46, 33.48, 30.16, 28.2, 29.72, 27.14, 31.4, 29.56, 
27.93, 32.67, 29.83, 28.52, 26.76, 29.82, 26.65, 29.6713114754098, 
28.8, 29.18, 25.87, 25.38, 33.67, 32.72, 27.59, 30.46, 33.29, 
29.53, 31.26, 30.46, 29.89, 30.32, 28.24, 25.38, 27.47, 29.89, 
32, 29.17, 25.88, 25.87, 25.64, 28.2), BOUNCE.BACK = c(18.71, 
26.64, 21.23, 21.79, 19.92, 22.42, 24.57, 26.09, 17.32, 17.3, 
17.39, 24.86, 23.45, 21.39, 16.4, 22.65, 18.9, 19.3, 20.75, 22.15, 
20.79, 24.04, 20.71, 21.05, 21.43, 21.32, 20.48, 19.82, 22.92, 
19.46, 17.45, 18.97, 22.89, 15.95, 18.07, 18.65, 14.77, 20.3911475409836, 
18.75, 22.44, 15.18, 15.15, 25.85, 21.94, 20.86, 17.97, 23.22, 
20.1, 25.75, 19.88, 21.48, 20.3, 17.83, 16.47, 17.62, 20.37, 
22.98, 24.68, 22.35, 14.71, 19.21, 16.77), AVG. = c(124.69, 121.37, 
120.21, 119.16, 119.51, 119.3, 116.17, 116.83, 118.96, 123.85, 
119.08, 116.79, 117.74, 117.2, 114.39, 116.43, 120.94, 118.69, 
114.09, 116.89, 113.75, 116.92, 118.19, 116.81, 114.92, 117.33, 
115.64, 112.05, 112.6, 119.13, 115.55, 119.05, 115.9, 114.63, 
118.16, 114.96, 113.55, 114.897704918033, 120.71, 115.14, 115.94, 
112.22, 110.75, 113.34, 113.47, 112.2, 109.99, 108.13, 112.4, 
112.22, 110.97, 112.73, 110.58, 109.88, 109.62, 112.97, 107.57, 
110.69, 109.6, 104.37, 107.55, 104.29), FASTEST.SPEED = c(129.43, 
124.97, 123.68, 123.6, 125.05, 122.91, 118.36, 121.02, 121.92, 
127.94, 121.73, 121.11, 120.52, 120.12, 116.57, 121.12, 125.34, 
122.27, 118.28, 119.29, 116.73, 120.96, 123.16, 119.9, 116.91, 
123.75, 120.64, 114.31, 119.9, 123.52, 118.55, 124.64, 120.17, 
118.77, 122.42, 117.22, 116.35, 118.679016393443, 123.53, 118.84, 
121.39, 115.33, 113.84, 117.73, 117.61, 114.66, 115.07, 110.93, 
115.15, 115.67, 113.82, 116.16, 113.33, 114.73, 116.1, 120.41, 
110.55, 113.54, 112.95, 106.83, 111.34, 106.78), SLOWEST.SPEED = c(121.22, 
118.82, 117.16, 115.7, 111.97, 116.55, 110.76, 113.82, 112.17, 
115.28, 116.12, 113.12, 115.24, 113.16, 109.87, 106.54, 117.87, 
113.02, 110.47, 114.64, 110.38, 113.28, 115.08, 113.07, 112.56, 
112.13, 112.62, 109.57, 105.92, 116.03, 112.92, 115.66, 111.6, 
111.11, 113.49, 111.64, 110.45, 110.965081967213, 114.69, 111.62, 
112.85, 108.49, 108.01, 109.47, 110.19, 107.69, 107.13, 104.54, 
110.44, 109.81, 108.44, 109.18, 107.95, 106.82, 105.38, 105.23, 
104.47, 104.13, 106.5, 100.21, 104.99, 99.63), GOING.FOR.THE.GREEN.. = c(80.61, 
75.09, 75.38, 60.48, 71.66, 63.31, 60.7, 70.04, 66.67, 69.46, 
60.45, 62.58, 66.2, 70.63, 57.38, 61.79, 63.58, 53.98, 57.64, 
63.08, 63.48, 65.1, 54.79, 62.22, 58.28, 57.59, 62.14, 56.6, 
56.5, 69.44, 64.5, 52.25, 63.09, 55.38, 47.78, 52.83, 47.01, 
56.947868852459, 66.9, 57.99, 47.29, 51.18, 49.33, 61.51, 47.3, 
63.42, 54.1, 44.87, 47.41, 48.26, 50.71, 48, 46.96, 43.44, 47.66, 
53.94, 48.47, 42.2, 38.12, 38.1, 39.69, 37.28), HIT.FAIRWAY.PCT = c(58.67, 
56.95, 55.94, 53.65, 59.61, 59.75, 58.29, 62.54, 59.12, 55.17, 
58.9, 62.39, 59.23, 61.44, 55.04, 60.32, 63.06, 59.03, 63.67, 
63.59, 62.76, 55.46, 54.54, 55.37, 61.07, 56.81, 65.43, 67.26, 
66.37, 61.41, 63.6, 54.55, 64.8, 64.26, 58.76, 61.32, 53.15, 
61.6672131147541, 64.84, 57.42, 52.57, 62.92, 60.56, 60.96, 58.76, 
61.12, 65.39, 63.71, 71.19, 64.72, 68.43, 60.18, 62.02, 67.76, 
64.54, 66.92, 68.87, 62.9, 71.38, 72.52, 69.18, 69.56), ONE.PUTT.PCT = c(35.61, 
37.95, 40.84, 42.63, 36.04, 36.49, 40.74, 40.4, 36.32, 36.55, 
33.13, 36.6, 38.43, 35.91, 40.23, 35.85, 40.05, 38.83, 40.36, 
39.92, 37.43, 41.13, 36.28, 42.76, 41.89, 38.7, 39.36, 35.09, 
39.91, 39.29, 37.32, 44.21, 37.46, 37.83, 38.08, 40.97, 35.26, 
38.8680327868852, 34.86, 39.46, 35.99, 35.92, 44.3, 40.13, 39.44, 
41.14, 41.2, 41.06, 39.51, 38.97, 42.26, 42.92, 38.01, 35.27, 
36.75, 41.28, 42.61, 39.96, 38.49, 38.15, 37.96, 39.46), PAR.5 = c(4.51, 
4.57, 4.49, 4.67, 4.55, 4.57, 4.67, 4.56, 4.62, 4.64, 4.66, 4.61, 
4.67, 4.65, 4.66, 4.61, 4.56, 4.62, 4.61, 4.73, 4.64, 4.64, 4.55, 
4.59, 4.61, 4.58, 4.61, 4.75, 4.61, 4.54, 4.66, 4.65, 4.62, 4.66, 
4.76, 4.64, 4.63, 4.64049180327869, 4.59, 4.63, 4.74, 4.72, 4.59, 
4.6, 4.73, 4.69, 4.59, 4.67, 4.75, 4.62, 4.68, 4.72, 4.67, 4.75, 
4.67, 4.72, 4.6, 4.59, 4.65, 4.74, 4.68, 4.71), prox.to.hole = c(36, 
34.2, 33.1, 36.1, 34.8, 35.7, 35.6, 35.2, 36, 37.7, 36.11, 34.1, 
38.1, 35.1, 37.2, 36.6, 33.7, 34.9, 33.1, 33.8, 34.11, 36.11, 
37.2, 37.6, 35.1, 37.6, 35.3, 35.5, 33, 36.9, 38.7, 38.3, 37.3, 
34.7, 36.5, 35.3, 36, 35.6154098360656, 39.4, 37, 36.1, 37.3, 
35.5, 35.4, 35.8, 36, 37, 34.3, 33.1, 32.2, 35.8, 38, 36.5, 33.7, 
35.11, 36.2, 35.1, 34.8, 32.1, 33.3, 35.8, 34.7), Putts.per.round = c(29.73, 
29.56, 28.72, 28.42, 29.9, 29.53, 28.74, 28.88, 29.77, 29.83, 
29.72, 29.46, 29.52, 30.06, 29.2, 29.67, 28.91, 29.29, 28.81, 
28.74, 29.41, 29.27, 29.54, 28.49, 28.41, 29.3, 29.17, 29.9, 
29.07, 28.66, 29.33, 28.07, 29.44, 29.41, 29.59, 28.74, 29.44, 
29.1424590163934, 29.3, 29.12, 29.7, 30.03, 27.92, 28.79, 29.1, 
28.81, 28.75, 28.51, 29.02, 29.06, 28.39, 28.5, 29.4, 29.86, 
29.3, 28.39, 28.45, 28.63, 29.05, 29.33, 29.36, 29.22),