structure(list(RK = c(2, 4, 5, 9, 11, 13, 14, 16, 17, 19, 20, 
23, 24, 25, 27, 28, 29, 38, 40, 43, 48, 51, 52, 55, 61, 63, 64, 
67, 71, 72, 77, 78, 81, 85, 88, 99, 101, 106, 109, 113, 115, 
123, 124, 125, 128, 134, 139, 144, 148, 155, 160, 164, 170, 175, 
177), YDS.DRIVE = c(314.9, 313.4, 310.5, 304.6, 303.7, 303, 302.6, 
301.9, 301.8, 301.6, 300.7, 299.8, 299.7, 299.5, 299.5, 299.2, 
299.2, 297.4, 297.3, 297, 296.6, 296.2, 296.2, 295.8, 294.7, 
294.6, 294.6, 294.3, 293.5, 293.3, 292.8, 292.5, 291.8, 291.6, 
291.6, 290.6, 290.2, 290, 289.5, 288.8, 288.5, 287.4, 287.2, 
286.8, 286.2, 285.6, 284.9, 284.8, 284.1, 282.8, 282.2, 281.4, 
279.8, 279.1, 278.2), DRIVING.ACC. = c(56.9, 53, 58.1, 59.5, 
56.9, 58.5, 54.7, 58.2, 51.5, 55, 61.5, 53.2, 64, 56.7, 53.8, 
58, 56.8, 63.6, 57.5, 61.7, 63.6, 61.9, 55.7, 59, 53, 55.8, 61, 
59.7, 67.3, 66.8, 64.8, 56.7, 56.6, 60.3, 62.9, 63.3, 62.2, 62.9, 
66.3, 62.5, 61.7, 60.8, 64, 65.8, 64.7, 62, 67.1, 67.6, 64.3, 
64.8, 67.3, 68, 57.7, 71.8, 71.1), DRVE.TOTAL = c(154, 184, 142, 
133, 164, 147, 186, 152, 201, 189, 116, 199, 86, 182, 201, 167, 
183, 105, 183, 138, 115, 143, 217, 184, 240, 227, 167, 188, 95, 
101, 127, 234, 240, 199, 167, 173, 188, 188, 147, 198, 208, 232, 
185, 169, 180, 225, 165, 163, 204, 206, 183, 182, 312, 181, 185
), GREENS.IN.REG. = c(69.8, 66.1, 69.4, 62.6, 61.8, 66.6, 64.9, 
66.9, 62.5, 58.8, 63, 67, 68.1, 64.5, 63.8, 66.8, 63.4, 68, 66.4, 
66, 69.4, 69.8, 63.8, 59.9, 64.1, 63.2, 65.9, 66.5, 68.6, 70.9, 
64, 62.7, 60.6, 65.7, 68.8, 69.5, 62.5, 62.6, 66.1, 66, 68.1, 
58, 64.9, 67, 67, 65.9, 66.4, 66, 67.3, 65.6, 63.9, 67.6, 61, 
66.6, 66.4), PUTT.AVG. = c(1.785, 1.783, 1.793, 1.769, 1.791, 
1.761, 1.737, 1.738, 1.791, 1.767, 1.767, 1.778, 1.772, 1.723, 
1.772, 1.779, 1.776, 1.789, 1.79, 1.78, 1.775, 1.731, 1.741, 
1.785, 1.784, 1.814, 1.754, 1.796, 1.769, 1.796, 1.781, 1.788, 
1.784, 1.768, 1.751, 1.784, 1.779, 1.749, 1.776, 1.71, 1.791, 
1.739, 1.727, 1.783, 1.735, 1.787, 1.784, 1.782, 1.7, 1.761, 
1.792, 1.781, 1.724, 1.749, 1.758), SAVE.PCT. = c(38.7, 40.9, 
42.6, 41.6, 31.5, 44.2, 61, 48.1, 42.2, 39.8, 39.3, 52.2, 55.7, 
45.1, 51.2, 52.2, 54.1, 52.3, 54.2, 47.9, 43.9, 52, 54.4, 54, 
50.6, 48, 47.1, 54.6, 43.7, 41.1, 52.1, 53, 52.6, 50.4, 51.4, 
58.2, 52.4, 52.3, 51.3, 52.1, 53, 52.7, 49.7, 54.1, 58.9, 55.6, 
47.3, 55.2, 59.1, 55.2, 44.2, 53.4, 55.3, 55.9, 54.6), birdie.conversion = c(31.96, 
31.85, 31.03, 31.45, 29.44, 31.57, 33.8, 33.26, 28.73, 32.51, 
30.32, 31.46, 30.83, 33.69, 30.53, 27.63, 30.46, 29.45, 27.43, 
30.06, 29.06, 33.28, 32.99, 28.79, 28.24, 27.01, 30.67, 30.72, 
30.16, 28.61, 29.52, 28.99, 29.71, 29.5, 32.36, 29.17, 30.12, 
32.53, 29.57, 35.33, 25.88, 30.94, 32.52, 29.53, 31.86, 27.36, 
28.24, 27.62, 34.11, 29.12, 26.34, 26.51, 33.12, 29.65, 29.11
), BOUNCE.BACK = c(21.46, 22.01, 20.32, 23.67, 19.54, 23.53, 
19.89, 20.97, 18.37, 21.88, 19.32, 18.52, 25, 25.1, 22.22, 24.52, 
23.42, 17.2, 20.33, 18.67, 19.91, 27.4, 26.15, 20, 16.07, 15.65, 
22.57, 16.95, 20.15, 18.11, 19.47, 20.82, 21.46, 22.65, 24.79, 
22.55, 20.25, 22.4, 20.42, 20.26, 15.89, 19.5, 19.91, 18.18, 
19.51, 24.14, 16.75, 16.82, 25.9, 19.73, 18.14, 17.43, 17.6, 
22.04, 16.39), AVG. = c(124.55, 121.89, 124.34, 118.81, 119.25, 
117.65, 117.02, 118.01, 115.71, 119.72, 117.49, 118.48, 117.26, 
114.53, 114.87, 119.43, 117.69, 113.85, 116.46, 116.67, 117.18, 
113.69, 119.14, 114.65, 115.15, 115.87, 116.5, 113.05, 110.41, 
116.59, 113.54, 113.79, 114.91, 114.84, 111.76, 114.89, 113.92, 
113.08, 113.1, 110.94, 118.4, 112.49, 110.45, 110.11, 110.41, 
110.6, 108.85, 107.61, 111.97, 110.02, 109.59, 108.71, 113.12, 
106.24, 106.92), FASTEST.SPEED = c(128.29, 125.33, 127.95, 126.67, 
122.94, 122, 120.72, 123.37, 119.87, 122.53, 121.37, 122.97, 
120.08, 119.67, 119.89, 124.01, 121.18, 116.91, 120.24, 120.69, 
119.71, 117.68, 122.4, 118.04, 118.07, 122.04, 120.25, 116.25, 
114.99, 122.84, 117.67, 116.85, 118.26, 119.26, 114.95, 119.98, 
117.94, 116.13, 116.19, 113.98, 121.09, 116.71, 113.39, 114.96, 
115.62, 113.62, 114.3, 112.15, 116.88, 112.87, 112.83, 112.61, 
117.98, 110.4, 109.89), SLOWEST.SPEED = c(121.67, 114.38, 117.28, 
115.32, 114.59, 110.87, 110.67, 109.18, 107.7, 116.86, 109.02, 
115.22, 113.93, 107.53, 103.71, 115.82, 111.95, 103.12, 113.31, 
112.59, 108.62, 106.72, 114.63, 110.83, 110.86, 111.44, 110.14, 
109.1, 105.45, 108.14, 106.82, 110.82, 109.6, 108.47, 104.53, 
111.39, 110.5, 105.66, 110.91, 107.35, 112.13, 108.13, 108.34, 
103.85, 106.82, 106.01, 104.17, 104.81, 108.08, 107.14, 106.8, 
104.15, 108.21, 102.75, 102.93), GOING.FOR.THE.GREEN.. = c(74.04, 
72.69, 69.84, 64.69, 50.2, 63.93, 63.98, 67.86, 53.74, 68, 57.14, 
64.6, 67.08, 55.33, 60.83, 69.87, 57.93, 66.14, 55.56, 58.62, 
65.17, 62.12, 68.3, 60, 49.11, 52.58, 54.93, 51.74, 52.01, 61.33, 
52.43, 57.14, 47.06, 60.23, 56.75, 57.02, 54.79, 48.37, 52.45, 
45.19, 43.75, 48.32, 52.47, 45.54, 51, 43.9, 47.77, 44.8, 44.39, 
42.18, 40.33, 39.84, 50, 41.95, 42.68), HIT.FAIRWAY.PCT = c(59.31, 
55.72, 59.14, 60.96, 57.66, 60.17, 56.13, 59.14, 54.17, 55.07, 
61.72, 54.67, 67.14, 58.25, 55.15, 60, 58.01, 64, 58.39, 62.41, 
65.13, 63.15, 57.38, 59.17, 55.83, 56.8, 62.56, 60.77, 67.13, 
67.56, 65.23, 58.73, 58.9, 61.82, 64.62, 64.46, 63.49, 62.42, 
68.41, 63.51, 61.71, 62.2, 64.19, 65.85, 64.88, 63.6, 68.63, 
67.98, 66.76, 66.06, 67.42, 70.46, 58.45, 70.7, 72.62), ONE.PUTT.PCT = c(36.64, 
37.75, 36.2, 34.35, 34.72, 39.11, 43.53, 40.91, 38.22, 37.11, 
36.45, 39.47, 39.08, 41.29, 40.97, 37.7, 40.4, 38.09, 36.42, 
38.79, 36.71, 40.02, 40.62, 36.54, 40.4, 36.98, 38.74, 38.54, 
37.5, 34.93, 36.39, 35.56, 36.11, 38.75, 39.08, 36.8, 40.96, 
42.76, 37.94, 44.77, 36.11, 38.65, 42.48, 37.54, 41.16, 37.33, 
39.5, 39.21, 43.86, 39.54, 36.01, 36.95, 44.25, 36.97, 40.74), 
    PAR.5 = c(4.49, 4.6, 4.63, 4.54, 4.66, 4.64, 4.57, 4.57, 
    4.69, 4.57, 4.63, 4.54, 4.56, 4.61, 4.63, 4.62, 4.6, 4.56, 
    4.56, 4.7, 4.6, 4.48, 4.59, 4.7, 4.75, 4.69, 4.54, 4.64, 
    4.7, 4.65, 4.58, 4.65, 4.67, 4.6, 4.58, 4.62, 4.61, 4.75, 
    4.63, 4.49, 4.68, 4.68, 4.6, 4.66, 4.58, 4.67, 4.73, 4.66, 
    4.55, 4.71, 4.71, 4.65, 4.58, 4.59, 4.6), prox.to.hole = c(36, 
    34.11, 35.6, 34.9, 33.11, 36.6, 37.1, 35, 35.3, 36.8, 35.7, 
    35.2, 35.9, 34, 37.6, 35.8, 36.1, 35.7, 36.11, 37.7, 37.1, 
    33.11, 37.5, 34.8, 36.4, 35.7, 34.6, 34.1, 33.7, 35.5, 34.6, 
    35.3, 34.7, 35.9, 36.1, 35.6, 34.3, 34.4, 34.1, 33.9, 35.11, 
    35.9, 34.5, 32.8, 34, 34.3, 35.5, 34.6, 32.1, 33.11, 36.3, 
    33.1, 36.1, 32.7, 33.1), Putts.per.round = c(29.86, 29.4, 
    29.69, 29.46, 29.71, 28.91, 28.37, 28.44, 29.43, 29.07, 29.26, 
    29.08, 29.39, 28.35, 28.7, 29.13, 28.92, 29.57, 29.31, 29.25, 
    29.53, 28.77, 28.39, 29.03, 28.98, 29.54, 29.26, 29.53, 29.58, 
    29.84, 29.39, 29.3, 28.97, 28.9, 29.21, 29.64, 28.69, 28.47, 
    29.38, 27.96, 29.61, 28.19, 28.51, 29.44, 28.52, 29.17, 29.08, 
    29.09, 28.03, 29.06, 29.56, 29.45, 27.75, 28.96, 28.71), 
    ROUGH.TENDENCY = c(31.76, 35.59, 33.82, 29.57, 32.52, 30.5, 
    35.54, 30.62, 36.41, 32.51, 30.15, 31.51, 24.29, 31.48, 31.62, 
    30, 33.82, 27.6, 31.57, 30.76, 27.56, 28.75, 34.12, 30.71, 
    33.17, 32.25, 28.79, 30.18, 25.68, 24.58, 24.72, 30.98, 30.37, 
    30.26, 26.6, 27.22, 29.07, 29.26, 23.84, 29.46, 28.96, 28.22, 
    28.17, 26.5, 27.65, 29.07, 22.57, 23.86, 25.59, 23.49, 27.03, 
    24.51, 32.72, 22.71, 22.56), SAND.SAVE.PERCENTAGE = c(38.71, 
    40.94, 42.62, 41.61, 31.48, 44.17, 60.96, 48.12, 42.16, 39.78, 
    39.31, 52.17, 55.66, 45.07, 51.18, 52.17, 54.05, 52.32, 54.19, 
    47.92, 43.86, 52, 54.38, 53.96, 50.59, 48, 47.1, 54.61, 43.71, 
    41.1, 52.05, 52.98, 52.63, 50.35, 51.43, 58.16, 52.38, 52.29, 
    51.28, 52.07, 52.99, 52.73, 49.66, 54.07, 58.86, 55.65, 47.27, 
    55.19, 59.09, 55.17, 44.19, 53.45, 55.35, 55.93, 54.61),