structure(list(RK = c(1, 2, 3, 4, 5, 8, 10, 14, 15, 18, 19, 21, 
22, 24, 25, 26, 28, 29, 31, 33, 35, 37, 40, 41, 43, 50, 53, 54, 
55, 56, 58, 62, 69, 79, 80, 84, 85, 93, 96, 97, 104, 105, 114, 
121, 122, 128, 132, 136, 144, 145, 148, 149, 159), YDS.DRIVE = c(317.7, 
315.2, 313.7, 311.6, 309.9, 308.2, 306.1, 303.5, 303.2, 302.1, 
302.1, 301.6, 300.5, 300.4, 300, 300, 299.7, 298.9, 298.8, 298.4, 
297.8, 297.1, 296.8, 296.7, 296.4, 295.1, 295, 294.9, 294.8, 
294.7, 294.5, 293.8, 292.9, 291.8, 291.7, 290.7, 290.6, 289.5, 
289.5, 289.4, 288.5, 288.4, 287.8, 286.7, 286.7, 285.8, 285.2, 
284.4, 283.2, 283.1, 282.6, 282.6, 280.1), DRIVING.ACC. = c(55.5, 
56.6, 55.9, 60.7, 54.1, 57.3, 64.9, 63.9, 58.2, 54, 60.7, 52.2, 
56, 60.8, 59.7, 59.5, 55.9, 58, 59.8, 58.5, 64.2, 59.5, 62.1, 
59.3, 69.9, 58.9, 63.8, 60.1, 55, 64.9, 65.3, 67.1, 54.8, 62.9, 
56.8, 63.3, 60.1, 65.5, 68.6, 67.9, 63.2, 61, 66.9, 63.6, 67.8, 
62, 62.8, 67.8, 60.9, 63.9, 71.2, 70, 62.5), DRVE.TOTAL = c(1, 
2, 3, 4, 5, 8, 10, 14, 15, 18, 18, 21, 22, 24, 25, 25, 28, 29, 
31, 33, 35, 36, 39, 41, 43, 50, 53, 54, 55, 56, 57, 62, 69, 78, 
80, 82, 85, 93, 93, 97, 104, 105, 114, 121, 121, 128, 131, 136, 
144, 145, 148, 148, 159), GREENS.IN.REG. = c(67.1, 64.5, 67.1, 
68.2, 63.7, 69.5, 64.5, 66.5, 68.9, 62.8, 68.8, 63.1, 61.5, 65, 
67.8, 67.6, 64.9, 66.2, 67.2, 67, 72.4, 69.1, 61.5, 66.7, 68.9, 
61.3, 65.2, 63.8, 64.7, 67.4, 65.6, 73.2, 61.3, 64.9, 64.5, 68.8, 
66.2, 64.9, 69, 67.8, 63.8, 65, 66.2, 64.7, 69, 61.2, 63.4, 70.8, 
63.5, 65.7, 65.6, 65.2, 64.6), PUTT.AVG. = c(1.715, 1.756, 1.712, 
1.806, 1.73, 1.76, 1.781, 1.736, 1.736, 1.755, 1.779, 1.743, 
1.737, 1.792, 1.765, 1.746, 1.806, 1.746, 1.777, 1.76, 1.772, 
1.75, 1.734, 1.759, 1.785, 1.777, 1.783, 1.785, 1.771, 1.814, 
1.74, 1.81, 1.732, 1.699, 1.816, 1.803, 1.789, 1.751, 1.782, 
1.791, 1.733, 1.739, 1.771, 1.748, 1.786, 1.758, 1.77, 1.777, 
1.75, 1.732, 1.735, 1.737, 1.739), SAVE.PCT. = c(38.6, 46.9, 
61.1, 50, 48.6, 53.7, 44.9, 60.7, 49.6, 59.4, 53.4, 53.4, 53.3, 
51, 59, 45.6, 42.1, 50.3, 60.8, 47.9, 38.5, 52.5, 55.8, 37.5, 
49.4, 54.2, 47.1, 59, 49.6, 37.3, 48.8, 51.8, 52.2, 58.1, 51.8, 
52.5, 51.2, 53.2, 47.1, 59.2, 61.5, 59, 50, 52.5, 41.7, 60.5, 
45.9, 43.1, 39.8, 61.5, 56.3, 55.9, 63.2), birdie.conversion = c(34.72, 
34.38, 36.76, 30.05, 34.64, 31.42, 31.34, 34.25, 33.61, 31.31, 
29.97, 33.43, 34.33, 30.16, 30.42, 31.08, 29.4, 32.62, 30.66, 
30, 29.61, 30.99, 32.54, 30.9, 30.73, 29.21, 30.69, 27.93, 29.73, 
24.88, 32.41, 26.68, 32.34, 35.51, 28.59, 26.79, 28.34, 30.45, 
28.26, 29.23, 32.2, 31.14, 28.19, 30.6, 28.32, 31.28, 27.61, 
28.13, 30.38, 32.16, 31.06, 31.76, 32.12), BOUNCE.BACK = c(24.61, 
28.24, 34.44, 20.74, 26.77, 27.36, 23.21, 22.78, 21.79, 23.75, 
25.88, 23.32, 22.9, 24.1, 21.08, 19.72, 22.47, 22.05, 25.77, 
19.11, 24.64, 22.76, 23.08, 19.53, 18.12, 24.67, 23.97, 18.38, 
24.88, 15.97, 18.98, 21.7, 21.29, 27.46, 20.11, 17.54, 20.1, 
19.42, 21.72, 20.41, 24.2, 19.59, 21.48, 20.57, 22.83, 21.29, 
16.6, 21.43, 17.37, 21.09, 23.04, 19.19, 25.42), AVG. = c(121.49, 
123.52, 120.16, 120.27, 120.62, 122.77, 117.87, 117.1, 116.34, 
117.61, 119.57, 116.89, 118.09, 117.41, 115.81, 119.78, 117.14, 
116.3, 114.57, 117.74, 117.16, 116.82, 117.5, 115.2, 121.67, 
112.11, 113.38, 114.63, 115.69, 112.89, 114.39, 114.98, 117.85, 
112.79, 110.54, 112.2, 112.19, 110.38, 113.32, 111.6, 110.53, 
110.67, 111.11, 111.8, 112.3, 110.67, 114.09, 110.22, 111.86, 
109.56, 107.74, 108.89, 112.65), FASTEST.SPEED = c(125.92, 128.17, 
125.78, 122.85, 124.05, 129.11, 120.87, 123.18, 120.47, 121.19, 
125.52, 121.64, 123.56, 121.97, 118.24, 125.07, 122.1, 120.56, 
117.05, 121.38, 121.56, 120.21, 122.39, 118.95, 125.68, 115.06, 
117.03, 117.91, 118.98, 116.95, 124.07, 119.44, 120.9, 117.63, 
113.85, 117.92, 116.92, 113.82, 117.69, 114.18, 116.14, 116.61, 
114.57, 115.21, 116.95, 114.97, 117.96, 114.09, 117.32, 116.54, 
111.24, 117.77, 118.02), SLOWEST.SPEED = c(112.62, 120.62, 115.06, 
109.8, 116.26, 114.72, 115.33, 110.61, 112.92, 111.63, 116, 111.59, 
114.79, 114.8, 111.48, 115.96, 113.66, 111.6, 111.1, 114.35, 
113.51, 113.22, 114.45, 107.91, 117.85, 108.4, 107.33, 111.03, 
112.23, 109.49, 110.55, 111.76, 114.64, 109.75, 106.93, 106.89, 
108.42, 107.05, 109.34, 107.64, 106.56, 107.54, 107.73, 107, 
107.08, 107.04, 109.93, 106.7, 107.38, 105.84, 103.79, 105.67, 
106.2), GOING.FOR.THE.GREEN.. = c(63.16, 76.28, 69.47, 61.26, 
62.6, 65.35, 63.27, 58.7, 63.01, 60.24, 60.39, 56.33, 57.4, 65.13, 
52.5, 66.67, 69.38, 59.41, 57.63, 60.06, 50.95, 53.63, 56.13, 
54.15, 59.66, 55.19, 59.52, 47.79, 60.22, 46.53, 56.18, 46.24, 
51.2, 54.18, 60.42, 50.96, 56.15, 45.45, 57.04, 55.08, 50.98, 
44.12, 49.85, 41.04, 47.13, 45.91, 37.62, 38.15, 40.74, 44.26, 
42.41, 39.76, 41.6), HIT.FAIRWAY.PCT = c(52.88, 55.28, 54.67, 
54.98, 55.41, 56.38, 65.24, 62.09, 59.74, 52.99, 60.71, 52.05, 
52.9, 60.18, 58.18, 56.57, 55.46, 56.58, 59.45, 58.84, 61.6, 
58.31, 60.58, 59.06, 67.16, 56.43, 61.91, 56.66, 53.21, 64.44, 
63.98, 67.23, 53.66, 63.18, 52.7, 62.07, 59.69, 65.53, 69.69, 
66.82, 61.83, 59.79, 66.49, 61.93, 63.06, 61.13, 62.72, 67.82, 
60.46, 63.54, 70.01, 70, 60.35), ONE.PUTT.PCT = c(63.16, 76.28, 
69.47, 61.26, 62.6, 65.35, 63.27, 58.7, 63.01, 60.24, 60.39, 
56.33, 57.4, 65.13, 52.5, 66.67, 69.38, 59.41, 57.63, 60.06, 
50.95, 53.63, 56.13, 54.15, 59.66, 55.19, 59.52, 47.79, 60.22, 
46.53, 56.18, 46.24, 51.2, 54.18, 60.42, 50.96, 56.15, 45.45, 
57.04, 55.08, 50.98, 44.12, 49.85, 41.04, 47.13, 45.91, 37.62, 
38.15, 40.74, 44.26, 42.41, 39.76, 41.6), PAR.5 = c(4.5, 4.47, 
4.55, 4.58, 4.59, 4.55, 4.58, 4.54, 4.49, 4.65, 4.58, 4.56, 4.58, 
4.64, 4.77, 4.63, 4.6, 4.62, 4.61, 4.61, 4.58, 4.65, 4.59, 4.62, 
4.62, 4.67, 4.66, 4.57, 4.66, 4.74, 4.6, 4.65, 4.61, 4.59, 4.66, 
4.64, 4.61, 4.64, 4.7, 4.54, 4.54, 4.61, 4.61, 4.67, 4.66, 4.64, 
4.81, 4.72, 4.71, 4.68, 4.61, 4.64, 4.65), prox.to.hole = c(34.6, 
36, 36.3, 36.2, 36.1, 34.11, 35.9, 33.5, 34.8, 35.8, 35.4, 36.4, 
38.4, 36.6, 36.5, 39.9, 37, 36.1, 34.4, 35.4, 32.9, 36.5, 35.1, 
34.11, 36, 39, 36.9, 39.9, 37.7, 34.1, 33.7, 32.8, 36.4, 33.8, 
36.5, 35.9, 35, 34.2, 35.9, 34, 36.9, 35.8, 34.4, 35.8, 34.3, 
35, 35.5, 31.6, 35, 33.1, 34.6, 34.8, 35.1), Putts.per.round = c(28.47, 
28.96, 28.44, 30.11, 28.32, 29.1, 29.49, 29.17, 28.64, 28.2, 
29.23, 28.7, 28.23, 29.57, 29.29, 28.96, 29.87, 28.83, 29.19, 
28.83, 29.77, 29.1, 28.44, 28.88, 29.87, 28.98, 29.71, 28.96, 
28.99, 29.67, 28.79, 30.22, 28.16, 27.82, 29.79, 29.58, 29.15, 
28.66, 29.65, 29.35, 28.39, 28.26, 28.72, 28.81, 29.6, 28.6, 
28.59, 29.56, 28.72, 28.27, 28.78, 28.51, 28.35), ROUGH.TENDENCY = c(33.73, 
35.82, 34.85, 32.35, 33.33, 30.76, 25.85, 23.3, 28.66, 34.62, 
27.87, 35.76, 31.4, 29.65, 27.95, 30.91, 31.91, 31.79, 29.95, 
31.04, 30.51, 31.54, 27.12, 28.83, 25.62, 31.82, 26.77, 28.89, 
38.9, 28.03, 27.14, 25.86, 32.25, 26.13, 32.4, 26.88, 31.31, 
25.92, 23.43, 24.18, 27.69, 29.37, 25.46, 25.83, 26.43, 26.47, 
27.47, 24.07, 29.45, 25.05, 22.52, 23.65, 29.97), SAND.SAVE.PERCENTAGE = c(38.6, 
46.88, 61.11, 50, 48.65, 53.68, 44.88, 60.75, 49.64, 59.39, 53.38, 
53.42, 53.29, 50.98, 59.04, 45.56, 42.06, 50.3, 60.82, 47.89, 
38.46, 52.53, 55.83, 37.5, 49.43, 54.19, 47.06, 58.97, 49.57, 
37.35, 48.82, 51.75, 52.24, 58.14, 51.76, 52.5, 51.16, 53.24, 
47.1, 59.2, 61.49, 59.04, 50, 52.54, 41.73, 60.47, 45.89, 43.12, 
39.84, 61.54, 56.25, 55.86, 63.19), SCORING.AVG = c(69.585, 69.296, 
69.161, 70.456, 70.581, 69.861, 70.45, 69.744, 70.105, 70.835, 
70.581, 70.268, 70.585, 71.093, 70.484, 69.958, 71.734, 70.613, 
70.16, 70.235, 69.806, 70.13, 70.23, 70.688, 69.354, 71.124, 
71.05, 71.102, 70.569, 71.289, 69.94, 70.719, 70.292, 68.938, 
71.83, 70.672, 70.761, 70.8, 71.282, 70.31, 70.04, 70.158, 70.344, 
70.421, 70.633, 70.959, 71.458, 70.421, 71.207, 70.398, 69.753, 
70.829, 70.121),