structure(list(RK = c(1, 2, 3, 4, 6, 9, 13, 14, 16, 18, 19, 20, 
21, 26, 27, 36, 39, 42, 43, 44, 47, 78.45, 49, 50, 51, 52, 54, 
56, 58, 68, 69, 70, 73, 74, 75, 79, 78.45, 92, 94, 78.45, 98, 
109, 111, 115, 116, 117, 119, 78.45, 123, 124, 137, 138, 141, 
142, 146, 153, 155, 156, 159, 160, 161, 78.45, 170, 171, 172), 
    YDS.DRIVE = c(291.9, 271.2, 289.7, 292.4, 272.2, 286.1, 288.9, 
    292.3, 295.1, 291, 289.7, 301.2, 297.6, 294.3, 283.8, 297.8, 
    288.5, 283.9, 295.8, 279.8, 285.3, 278, 303.5, 288.5, 298.1, 
    303.4, 282.2, 294.8, 294.9, 284.5, 311, 297.5, 278.1, 275.5, 
    293.7, 286.3, 302.2, 291.8, 279.3, 301, 292.3, 288.1, 283.9, 
    281.9, 291.2, 285.6, 293.7, 284.7, 310.5, 299.2, 291.6, 293.2, 
    300.4, 287.9, 300.5, 288.3, 288.6, 291.6, 296.3, 314.3, 304.1, 
    297, 300.6, 295.8, 303.7), DRIVING.ACC. = c(62.9, 52.8, 60.7, 
    58, 74, 56.2, 64.2, 55.6, 59.9, 62.8, 58.8, 58.7, 58, 62.2, 
    67.4, 59.4, 61.4, 66.9, 65.1, 64.2, 63.8, 69.2, 61.5, 62.2, 
    55.1, 62.1, 70.5, 61.5, 61.3, 62.6, 57.2, 59.9, 62.6, 70.2, 
    59.4, 56.7, 62.4, 58.5, 73.2, 51.7, 61.2, 61.4, 62.9, 65.4, 
    53.3, 63.7, 63.7, 69.9, 59.9, 60, 67, 68.8, 56, 67.9, 60.9, 
    69.6, 68, 64.3, 58.5, 60.5, 59.5, 64.4, 64, 64, 58.4), DRVE.TOTAL = c(73, 
    176, 89, 70, 174, 117, 95, 71, 49, 80, 89, 18, 32, 57, 136, 
    30, 98, 134, 45, 152, 122, 165, 13, 98, 29, 14, 141, 51, 
    50, 131, 2, 33, 164, 171, 61, 116, 17, 74, 155, 19, 71, 102, 
    134, 143, 79, 121, 61, 129, 3, 26, 76, 64, 23, 106, 21, 100, 
    97, 76, 41, 1, 9, 38, 20, 45, 12), GREENS.IN.REG. = c(68.6, 
    57.4, 65.4, 65.3, 64.3, 61.1, 67.8, 63.6, 66.9, 63.5, 62.5, 
    64, 65.2, 68.7, 66.9, 63.5, 62.9, 64.4, 66.7, 62.1, 66.3, 
    65.8, 68.8, 65.3, 63.4, 70.7, 67.4, 64, 64.6, 61.9, 68, 64.5, 
    63, 67.2, 66.4, 63.3, 66.7, 65.3, 68.8, 67.6, 63.7, 62.4, 
    60.4, 61.7, 61.6, 63.3, 61.8, 68, 69.4, 68.4, 70.4, 69, 63.2, 
    64.5, 66.4, 68.1, 63.2, 68.9, 63.3, 68, 66.5, 63.5, 67, 67.3, 
    65), PUTT.AVG. = c(1.778, 1.774, 1.816, 1.753, 1.755, 1.767, 
    1.769, 1.768, 1.757, 1.759, 1.717, 1.776, 1.755, 1.75, 1.755, 
    1.739, 1.76, 1.801, 1.78, 1.747, 1.784, 1.747, 1.732, 1.765, 
    1.786, 1.788, 1.76, 1.77, 1.759, 1.812, 1.726, 1.755, 1.759, 
    1.796, 1.782, 1.766, 1.767, 1.807, 1.787, 1.732, 1.754, 1.749, 
    1.785, 1.783, 1.766, 1.755, 1.756, 1.754, 1.708, 1.776, 1.79, 
    1.779, 1.804, 1.781, 1.815, 1.842, 1.76, 1.788, 1.745, 1.737, 
    1.774, 1.826, 1.848, 1.792, 1.776), SAVE.PCT. = c(62.1, 61.9, 
    61.4, 61.3, 61, 59.3, 59, 59, 58.2, 57.9, 57.6, 57.3, 56.9, 
    56.4, 56.3, 54.8, 54.6, 54.3, 54.3, 54.3, 53.8, 53.8, 53.7, 
    53.6, 53.6, 53.4, 53.2, 53.1, 52.6, 52.1, 52, 51.9, 51.4, 
    51.2, 51.1, 51, 50.4, 50.3, 50, 50, 49.5, 48.8, 48.6, 48.4, 
    48.3, 48.3, 48.1, 47.8, 47.5, 47.4, 45.1, 44.9, 44.7, 44.7, 
    44.1, 43.5, 43.2, 42.8, 41.8, 41.8, 41, 38.5, 37.8, 37.8, 
    37.2), birdie.conversion = c(28.55, 27.72, 26.41, 31.29, 
    28.29, 30.1, 27.63, 30.25, 30.96, 31.06, 34.24, 30.02, 29.99, 
    29.97, 30.57, 33.76, 32.09, 26.61, 28.36, 29.79, 29.75, 29.69, 
    33.89, 30.93, 29.99, 28.91, 29.15, 32.14, 31, 26.21, 33, 
    32.52, 29.18, 26.65, 27.79, 30.92, 30.93, 24.89, 26.65, 33.5, 
    32.45, 32.11, 26.47, 27.17, 29.24, 30.13, 30.82, 30.53, 36.84, 
    30.29, 28.41, 31.49, 27, 27.4, 28.36, 23.61, 31.26, 28.45, 
    29.96, 32.4, 29.57, 26.01, 26.76, 28.85, 30.06), BOUNCE.BACK = c(17.9, 
    18.6, 18.8, 24.6, 16.8, 16.6, 20.8, 17.5, 25.1, 19.9, 21.7, 
    15.8, 20.6, 20, 16.6, 21.4, 18.2, 19.2, 18.4, 19.6, 19, 22.9, 
    20.7, 18.3, 22.2, 21.7, 20.2, 18.6, 21, 16.9, 18.4, 24.1, 
    27.4, 20.8, 18.3, 18.2, 18.6, 14.5, 22.8, 23.1, 20.7, 20.2, 
    15.6, 15.9, 15.8, 18.5, 20.3, 19.1, 22, 23, 22.8, 23.2, 17.6, 
    15.9, 18.6, 21, 21.3, 20.5, 19, 24.3, 21.7, 19.8, 14.5, 24.2, 
    22.3), AVG. = c(113.6, 106.74, 111.43, 115.62, 103.48, 110.95, 
    115.27, 115.9, 114.74, 111.66, 111.56, 117.49, 116.55, 119.83, 
    108.92, 118.21, 114.5275, 110.45, 112.22, 107.56, 112.6, 
    109.77, 119.58, 111.11, 116.3, 119.8, 107.73, 114.21, 117.05, 
    111.13, 121.34, 117.91, 109.95, 109.4, 117.78, 114.86, 116.94, 
    118.02, 110.26, 117.06, 115.48, 111.95, 109.82, 111.67, 111.99, 
    110.22, 114.23, 110.99, 121.56, 119.02, 113.65, 120.36, 116.68, 
    114.91, 115.44, 113.53, 113.38, 113.67, 118.27, 123.7, 122.5, 
    119.21, 116.6, 117.53, 118.42), FASTEST.SPEED = c(118.58, 
    110.17, 115.37, 121.06, 105.66, 114.91, 120.01, 119.64, 118.83, 
    114.09, 115.5, 120.19, 120.02, 125.72, 111.66, 121.2, 118.31375, 
    113.64, 115.07, 110.96, 115.28, 113.34, 121.82, 115.22, 122.21, 
    122.83, 113.24, 119.59, 120.5, 115.19, 123.94, 122.69, 114.13, 
    113.47, 121.35, 120.72, 120.73, 121.49, 113.8, 119.78, 119.59, 
    114.94, 116.03, 116.32, 116.9, 114.18, 117.51, 113.87, 124.74, 
    122.54, 117.74, 123.91, 122.05, 117.88, 118.03, 117.08, 116.05, 
    119.06, 122.32, 126.93, 125.55, 122.28, 119.67, 121.15, 122.16
    ), SLOWEST.SPEED = c(109.59, 103, 108.04, 108.51, 99.74, 
    107.44, 111.77, 112.74, 111.63, 107.87, 106.09, 114.14, 112.47, 
    116.23, 105.87, 113.81, 110.57609375, 106.96, 103.01, 103.97, 
    109.28, 107.14, 115.53, 107.97, 104.85, 116.54, 104.78, 110.59, 
    112.93, 106.54, 118.32, 114.8, 106.72, 106.25, 111.77, 111.21, 
    113.04, 114.24, 103.87, 113.95, 112.88, 107.78, 106.98, 106.9, 
    109.07, 101.5, 111.33, 107.35, 117.58, 115.07, 109.81, 117.29, 
    113.16, 111.5, 112.84, 109.45, 109.68, 109.97, 114.92, 120.45, 
    118.4, 115.32, 114.27, 115.06, 115.11), GOING.FOR.THE.GREEN.. = c(51.17, 
    32.78, 50.39, 58.95, 28.25, 41.36, 53.87, 51, 54.82, 51.67, 
    50, 59.46, 61.3, 57.46, 45.25, 64.17, 53.5125, 45.8, 54.79, 
    32.51, 51.02, 35.57, 66.84, 50.57, 61.54, 56.64, 44.07, 55.02, 
    64.5, 46.32, 71.83, 64.41, 37.66, 50.23, 46.43, 50.94, 60.34, 
    49.54, 30.83, 62.26, 61.78, 46.31, 42.57, 45.37, 57.33, 48.67, 
    52.08, 47.95, 76.14, 63.85, 55.82, 65.49, 53.49, 52.05, 55.1, 
    53.33, 52.16, 61.37, 63.47, 67.51, 66.42, 60.55, 59.76, 53.72, 
    60.95), HIT.FAIRWAY.PCT = c(63.15, 51.79, 61.06, 58.12, 74.01, 
    56.32, 63.99, 55.79, 57.18, 61.8, 57.95, 58.89, 59.15, 60.87, 
    67.33, 60.16, 62.13046875, 67.18, 65.13, 65.62, 63.65, 69.06, 
    61.17, 62.48, 55.12, 61.13, 70.02, 60.69, 60.33, 61.86, 56.2, 
    61.39, 62.87, 70.47, 58.83, 58.4, 61.85, 59.24, 71.9, 51.25, 
    60.97, 60.18, 63.38, 65.04, 53.02, 64.66, 64.13, 69.28, 60, 
    59.63, 66.77, 68.82, 56.78, 67.97, 60.48, 68.28, 68.06, 65.19, 
    57.59, 60.95, 59.01, 64.62, 64.25, 64.75, 59.14), ONE.PUTT.PCT = c(38, 
    43, 37, 43, 41, 40, 38, 41, 39, 42, 46, 40.51, 39, 41, 40, 
    42, 39.1328125, 38, 38, 41, 36.21, 41, 40, 40, 40, 37, 40, 
    40, 39, 37, 40, 42, 42, 37, 37, 41, 39, 36, 39, 41, 41, 43, 
    38, 39, 41, 41, 39, 39, 42, 38, 35, 35.7, 37, 38, 37.08, 
    32, 40, 35, 39, 39, 38, 36, 34, 38, 38), PAR.5 = c(4.62, 
    4.79, 4.65, 4.7, 4.77, 4.74, 4.58, 4.67, 4.59, 4.61, 4.63, 
    4.59, 4.61, 4.65, 4.65, 4.52, 4.6565625, 4.76, 4.69, 4.68, 
    4.61, 4.63, 4.48, 4.65, 4.6, 4.64, 4.58, 4.55, 4.74, 4.85, 
    4.53, 4.59, 4.66, 4.67, 4.67, 4.64, 4.69, 4.66, 4.63, 4.62, 
    4.67, 4.64, 4.69, 4.72, 4.71, 4.66, 4.74, 4.68, 4.55, 4.62, 
    4.63, 4.57, 4.73, 4.69, 4.81, 4.74, 4.7, 4.64, 4.63, 4.58, 
    4.67, 4.72, 4.69, 4.68, 4.67), prox.to.hole = c(35.11, 37.1, 
    34.11, 35.8, 31.1, 37.7, 36.2, 36.4, 34.8, 35.6, 36.1, 35.3, 
    34.7, 34, 35.1, 37.4, 35.3259375, 35.1, 36.7, 35.1, 34.1, 
    33.11, 35.2, 35.11, 36.5, 33.1, 33.4, 32.7, 36.2, 36.4, 32.1, 
    35.1, 36.1, 33.11, 33.1, 36.3, 35, 38, 32, 36.6, 38.7, 36.5, 
    36.5, 36.1, 38.1, 35.5, 36.11, 34, 34.4, 35.3, 36.4, 36.6, 
    34.1, 35.8, 35.4, 35.2, 36, 34.6, 38.7, 34.1, 36.1, 38.7, 
    33.1, 32.3, 35.9),