structure(list(RK = c(2, 3, 5, 7, 8, 11, 16, 21, 23, 27, 29, 
34, 41, 44, 46, 49, 62, 63, 64, 66, 69, 70, 73, 74, 77, 82, 84, 
88, 89, 90, 91, 93, 96, 97, 101, 102, 103, 107, 108, 111, 117, 
122, 124, 125, 130, 133, 136, 137, 138, 144, 148, 153, 156, 157, 
159, 161, 162, 169, 172, 173, 175, 180), YDS.DRIVE = c(305.8, 
305.7, 303.7, 302.4, 302.2, 300.6, 299.3, 298.2, 297.8, 296.6, 
296.1, 295.3, 294, 293.7, 293.4, 293.2, 291.3, 291.2, 291, 290.9, 
290.3, 290.2, 290, 290, 289.6, 289.3, 289, 288.4, 288.3, 288.2, 
288.1, 287.9, 287.5, 287.3, 286.7, 286.6, 286.4, 285.9, 285.9, 
285.4, 284.9, 284.3, 283.6, 283.6, 282.3, 282, 281.7, 281.3, 
281.1, 280.3, 279.4, 278.8, 278.3, 278.1, 277.9, 277.5, 277.4, 
275.3, 275.1, 274.9, 273.9, 270.5), DRIVING.ACC. = c(53.4, 53.8, 
58.7, 55.4, 57.9, 62.8, 58, 53.6, 61.8, 63.6, 59.9, 56.3, 56.2, 
61.6, 60.8, 62.5, 55.5, 62.4, 61.3, 70.1, 62.6, 59.4, 57.2, 66.6, 
57.7, 60.6, 64.7, 61.4, 58.4, 62.3, 62.3, 57.3, 67.3, 56.3, 62.8, 
58.8, 62.3, 63.8, 64.8, 63.3, 58.9, 60.5, 61.2, 70.7, 68.4, 68.5, 
62.4, 62.6, 63.5, 68, 61.4, 69.7, 66, 62.9, 59.3, 68.5, 66.5, 
70.5, 64.8, 60.5, 70.3, 55.1), DRVE.TOTAL = c(2, 3, 5, 7, 8, 
11, 16, 21, 23, 27, 29, 34, 40, 43, 46, 49, 62, 63, 64, 66, 69, 
70, 73, 73, 77, 82, 83, 87, 89, 90, 91, 93, 94, 97, 101, 102, 
103, 107, 107, 111, 116, 122, 124, 124, 130, 133, 136, 137, 138, 
144, 148, 153, 156, 157, 159, 161, 162, 169, 170, 173, 175, 180
), GREENS.IN.REG. = c(66.7, 66.8, 69.4, 66.2, 65.5, 66.5, 64.9, 
62.3, 68.8, 68.9, 65.8, 61.2, 65, 66.4, 63.6, 67.6, 66, 68.5, 
67.5, 72, 65.2, 62.2, 67.8, 67.6, 61.7, 66, 64.2, 64.8, 60.9, 
67.8, 69.1, 66.7, 66.4, 61.7, 62.7, 65.1, 63.6, 65.6, 67.5, 66.7, 
65.8, 66.5, 66.5, 71.2, 64.3, 66.6, 63.5, 65.7, 62.8, 64.5, 61.8, 
68.1, 65.9, 62.2, 62.5, 62.7, 63.6, 68.3, 56.7, 63.8, 62, 56.9
), PUTT.AVG. = c(1.778, 1.855, 1.795, 1.758, 1.744, 1.771, 1.759, 
1.772, 1.775, 1.781, 1.746, 1.766, 1.816, 1.833, 1.801, 1.737, 
1.816, 1.808, 1.75, 1.784, 1.816, 1.766, 1.809, 1.785, 1.769, 
1.812, 1.762, 1.824, 1.803, 1.777, 1.888, 1.718, 1.789, 1.76, 
1.79, 1.789, 1.752, 1.785, 1.781, 1.759, 1.75, 1.776, 1.838, 
1.731, 1.788, 1.811, 1.785, 1.734, 1.775, 1.782, 1.801, 1.783, 
1.791, 1.747, 1.778, 1.801, 1.772, 1.767, 1.742, 1.818, 1.789, 
1.746), SAVE.PCT. = c(42.7, 33.3, 46.1, 39.1, 43.3, 56.3, 61.4, 
41.7, 53.8, 59.3, 50.7, 61, 36.9, 43.1, 48.3, 60.8, 47.9, 44.1, 
50, 46.2, 55, 46.3, 53.4, 48.5, 49.4, 43.8, 49.6, 46, 52.1, 50.8, 
48.6, 55.6, 48.3, 51, 44.1, 46.2, 60.3, 33.9, 51.5, 55.6, 64.9, 
44.3, 47.9, 54.7, 50.9, 52.3, 57.1, 60.5, 47.1, 43, 60.9, 44.4, 
67.2, 55.8, 56.9, 52.9, 56.4, 55.4, 59.1, 42, 52, 58.3), birdie.conversion = c(31.35, 
24.33, 30.41, 31, 33.13, 30.7, 30.65, 31.03, 29.21, 30.28, 33.17, 
30.23, 28.25, 27.26, 27.16, 33.33, 25.78, 28.5, 29.62, 29.35, 
28.22, 28.67, 28.32, 29.07, 28.4, 26.89, 31.11, 27.41, 26.44, 
27.65, 22.27, 34.97, 28.36, 29.58, 26.9, 27.25, 30.5, 28.24, 
28.62, 30.58, 30.65, 27.28, 22.67, 31.77, 29.23, 26.29, 26.57, 
32.8, 29.77, 28.7518032786885, 25.21, 27.76, 26.53, 30.76, 26.93, 
26.27, 28.14, 27.69, 30.06, 24.92, 27.39, 30.98), BOUNCE.BACK = c(27.91, 
17.18, 24.4, 24.88, 18.82, 22.27, 15.12, 21.65, 15, 22.82, 22.92, 
21.97, 15.95, 18.92, 17.49, 19.46, 19.09, 18, 26.38, 22.08, 15.96, 
21.79, 21.56, 21.52, 22.4, 21.1, 21.21, 19.59, 16.13, 21, 17.74, 
22.34, 18.03, 20.9, 17.05, 15.22, 18.81, 18.06, 20.93, 24.17, 
17.09, 15.74, 16.16, 22.22, 21.56, 17.39, 20.14, 22.27, 24.26, 
19.7404918032787, 15, 23.22, 17.89, 22.58, 18.69, 15.44, 19.85, 
18.32, 17.75, 15.79, 16.76, 18.23), AVG. = c(122, 120.95, 122.97, 
120.17, 121.25, 118.61, 120.26, 116.43, 119.63, 115.15, 118.11, 
113.18, 120.15, 117.03, 116.93, 118.3, 114.55, 119.66, 120.78, 
120.48, 115.8, 113.71, 117.1, 112.42, 111.79, 115.84, 113.98, 
117.14, 114.38, 114.86, 111.92, 116.25, 114, 114.42, 111.47, 
116.29, 115.64, 113.13, 112.32, 113.56, 110.7, 113.18, 118.12, 
111.06, 110.79, 110.76, 112.26, 110.59, 109.54, 114.251639344262, 
111.62, 108.01, 109.38, 110.27, 108.02, 110.22, 105.73, 109.62, 
104.99, 108.24, 104.58, 109.06), FASTEST.SPEED = c(125.71, 123.38, 
126.68, 123.82, 124.72, 120.68, 124.1, 119.57, 122.63, 117.89, 
121.6, 117.9, 124.53, 119.94, 119.28, 121.51, 118.85, 122.44, 
126.18, 123.18, 118.74, 119.86, 122.24, 118.75, 114.96, 122.45, 
118.87, 121.9, 120.99, 117.49, 115.57, 119.67, 117.52, 117.64, 
115.4, 119.85, 119.47, 116.13, 117.6, 116.75, 113.74, 115.37, 
120.92, 113.65, 115.45, 114.41, 115.88, 113.75, 113.85, 118.167704918033, 
115.58, 110.83, 113.29, 113.44, 111.28, 114.38, 112.32, 114.67, 
118.84, 110.57, 107.57, 112), SLOWEST.SPEED = c(118.58, 116.36, 
119.34, 116.35, 117.55, 115.59, 115.24, 112.74, 117.33, 112.14, 
115.64, 109.9, 116.45, 113.3, 114.13, 115.13, 111.02, 116.34, 
117.9, 113.86, 113.94, 110.9, 110.36, 109.99, 108.69, 112.34, 
104.71, 113.59, 111.87, 111.71, 108.6, 111.53, 105.84, 110.57, 
107.67, 112.5, 112.8, 109.99, 106.87, 109.7, 108.11, 110.12, 
114.64, 109.12, 107.36, 105.6, 109.01, 107.68, 103.91, 110.554426229508, 
108.07, 104.89, 106.46, 107.72, 104.7, 106.92, 101.27, 105.53, 
101.82, 104.27, 101.51, 106.05), GOING.FOR.THE.GREEN.. = c(65.93, 
54.76, 69.6, 76.06, 62.05, 71.15, 56.62, 63.27, 66.25, 55.97, 
66.14, 57.14, 62.56, 61.46, 51.27, 61.59, 52.11, 54.71, 59.65, 
71.33, 62.5, 48.93, 50, 63.08, 52.63, 55.61, 49.35, 61.7, 59.84, 
51.78, 52.17, 59.72, 55.88, 48.13, 45.52, 58.67, 53, 48.51, 47.87, 
57.6, 51.18, 42.63, 37.21, 47.79, 47.06, 51.08, 46.67, 45.97, 
46.47, 51.7883606557377, 41.3, 45.45, 34.21, 39.88, 32.87, 39.39, 
25.44, 29.18, 27.42, 30.18, 42.07, 33.53), HIT.FAIRWAY.PCT = c(53.21, 
54.14, 59.17, 55.95, 58.54, 64.66, 58.74, 56.13, 62.34, 63.59, 
60.84, 54.37, 57.23, 61.79, 61.59, 63.41, 56.33, 63.11, 61.02, 
72.65, 63.7, 61.04, 58.98, 66.88, 59.43, 60.59, 66.01, 63.24, 
59.42, 63.33, 61.09, 57.27, 67.23, 58.33, 65.44, 59.41, 63.17, 
64.71, 65.14, 64.51, 58.46, 60.76, 61.08, 72.24, 69.1, 68.35, 
64.15, 62.3, 63.91, 62.3990163934426, 62.47, 70.09, 69.06, 61.95, 
59.74, 69.5, 65.32, 70.87, 64.8, 60.97, 69.23, 54.26), ONE.PUTT.PCT = c(37.78, 
32.15, 36.45, 35.47, 41.41, 38.83, 41.74, 38.3, 35.83, 37.41, 
39.05, 41.6, 35.92, 33.59, 37.5, 40.74, 35.24, 35.79, 39.15, 
36.37, 38.16, 38.61, 35.29, 37.12, 38.35, 35.26, 40.03, 35.63, 
38.55, 37.57, 31.33, 42.31, 38.31, 41.85, 38.59, 39.03, 40.99, 
36.67, 38.6, 39.08, 41.06, 37.27, 35.59, 41.13, 39.51, 36.49, 
39.31, 42.76, 39.21, 38.4024590163934, 37.88, 37.15, 38.96, 41.86, 
40.26, 39.34, 39.02, 37.68, 45.71, 36.94, 39.8, 43.97), PAR.5 = c(4.61, 
4.66, 4.61, 4.73, 4.69, 4.51, 4.6, 4.67, 4.58, 4.6, 4.58, 4.58, 
4.75, 4.71, 4.74, 4.57, 4.78, 4.65, 4.57, 4.57, 4.73, 4.75, 4.65, 
4.63, 4.62, 4.65, 4.7, 4.66, 4.74, 4.71, 4.75, 4.6, 4.64, 4.68, 
4.71, 4.72, 4.62, 4.72, 4.73, 4.62, 4.54, 4.67, 4.75, 4.52, 4.66, 
4.73, 4.73, 4.61, 4.68, 4.67262295081967, 4.71, 4.68, 4.68, 4.68, 
4.74, 4.75, 4.78, 4.7, 4.8, 4.84, 4.69, 4.7), prox.to.hole = c(34.3, 
34.3, 35.3, 35, 35.7, 35.4, 36.4, 35.11, 34.2, 32.2, 34.2, 35.6, 
37.11, 35, 36.7, 33.11, 35.1, 33.1, 36, 35.1, 34.3, 34.8, 34, 
36.2, 34.5, 37, 34.7, 35.5, 36.7, 35.5, 33.1, 35.2, 33.4, 34.7, 
33.6, 36.1, 34.9, 33.7, 34.3, 34.1, 34, 34.3, 35.9, 33.1, 35, 
35.5, 34.4, 33.2, 35.5, 34.7283606557377, 36.1, 33.6, 33.2, 34.2, 
35.5, 33.7, 33.1, 31.3, 34.3, 36.8, 33.1, 37.4), Putts.per.round = c(29.4, 
30.74, 29.85, 29.62, 28.85, 28.94, 28.63, 29.12, 29.52, 29.3, 
29.01, 28.67, 29.73, 30.51, 29.5, 28.85, 29.81, 29.99, 28.92, 
29.91, 29.42, 29.08, 29.99, 29.41, 28.98, 29.96, 28.94, 30, 29.24, 
29.27, 30.89, 28.56, 29.33, 28.5, 29.11, 29.25, 28.65, 29.59, 
29.4, 28.93, 28.64, 29.27, 29.94, 28.68, 29.18, 29.64, 28.83, 
28.38, 29.08, 29.2308196721311, 29.18, 29.35, 29.12, 28.21, 28.7, 
29.04, 29.02, 29.31, 27.51, 29.67, 28.89, 28.07),