structure(list(RK = c(1, 2, 3, 4, 9, 13, 14, 15, 16, 18, 19, 
20, 22, 75.3157894736842, 26, 27, 36, 41, 43, 45, 47, 75.3157894736842, 
49, 50, 54, 56, 58, 62, 64, 69, 70, 71, 73, 79, 84, 85, 75.3157894736842, 
92, 94, 75.3157894736842, 98, 104, 108, 109, 110, 116, 117, 119, 
120, 75.3157894736842, 123, 131, 134, 137, 138, 146, 148, 155, 
156, 160, 161, 172), YDS.DRIVE = c(291.9, 271.2, 289.7, 292.4, 
286.1, 288.9, 292.3, 280.3, 295.1, 291, 289.7, 301.2, 280.3, 
295.4, 294.3, 283.8, 297.8, 279, 295.8, 300.4, 285.3, 278, 303.5, 
288.5, 282.2, 294.8, 294.9, 282.8, 307, 311, 297.5, 289, 278.1, 
286.3, 291.7, 292.5, 302.2, 291.8, 279.3, 301, 292.3, 293, 289.6, 
288.1, 292.5, 291.2, 285.6, 293.7, 283.3, 284.7, 310.5, 308, 
299.2, 291.6, 293.2, 300.5, 300, 288.6, 291.6, 314.3, 304.1, 
303.7), DRIVING.ACC. = c(62.9, 52.8, 60.7, 58, 56.2, 64.2, 55.6, 
64.9, 59.9, 62.8, 58.8, 58.7, 64.3, 54.1, 62.2, 67.4, 59.4, 66.4, 
65.1, 58.6, 63.8, 69.2, 61.5, 62.2, 70.5, 61.5, 61.3, 63.7, 56.9, 
57.2, 59.9, 61, 62.6, 56.7, 64.3, 60, 62.4, 58.5, 73.2, 51.7, 
61.2, 60.5, 60.8, 61.4, 58.5, 53.3, 63.7, 63.7, 58.5, 69.9, 59.9, 
54.7, 58.7, 67, 68.8, 60.9, 59.6, 68, 64.3, 60.5, 59.5, 58.4), 
    DRVE.TOTAL = c(73, 176, 89, 70, 117, 95, 71, 148, 49, 80, 
    89, 18, 148, 48, 57, 136, 30, 157, 45, 23, 122, 165, 13, 
    98, 141, 51, 50, 139, 6, 2, 33, 94, 164, 116, 75, 68, 17, 
    74, 155, 19, 71, 65, 91, 102, 68, 79, 121, 61, 138, 129, 
    3, 4, 26, 76, 64, 21, 25, 97, 76, 1, 9, 12), GREENS.IN.REG. = c(68.6, 
    57.4, 65.4, 65.3, 61.1, 67.8, 63.6, 64, 66.9, 63.5, 62.5, 
    64, 64.7, 62.7, 68.7, 66.9, 63.5, 63.4, 66.7, 66.7, 66.3, 
    65.8, 68.8, 65.3, 67.4, 64, 64.6, 66.7, 65, 68, 64.5, 64.3, 
    63, 63.3, 66, 67, 66.7, 65.3, 68.8, 67.6, 63.7, 65.8, 64, 
    62.4, 64.5, 61.6, 63.3, 61.8, 63.1, 68, 69.4, 60.9, 67.1, 
    70.4, 69, 66.4, 65.6, 63.2, 68.9, 68, 66.5, 65), PUTT.AVG. = c(1.778, 
    1.774, 1.816, 1.753, 1.767, 1.769, 1.768, 1.744, 1.757, 1.759, 
    1.717, 1.776, 1.753, 1.75, 1.75, 1.755, 1.739, 1.765, 1.78, 
    1.738, 1.784, 1.747, 1.732, 1.765, 1.76, 1.77, 1.759, 1.775, 
    1.75, 1.726, 1.755, 1.755, 1.759, 1.766, 1.759, 1.761, 1.767, 
    1.807, 1.787, 1.732, 1.754, 1.754, 1.813, 1.749, 1.795, 1.766, 
    1.755, 1.756, 1.762, 1.754, 1.708, 1.744, 1.756, 1.79, 1.779, 
    1.815, 1.766, 1.76, 1.788, 1.737, 1.774, 1.776), SAVE.PCT. = c(62.1, 
    61.9, 61.4, 61.3, 59.3, 59, 59, 58.2, 58.2, 57.9, 57.6, 57.3, 
    56.9, 56.9, 56.4, 56.3, 54.8, 54.4, 54.3, 53.9, 53.8, 53.8, 
    53.7, 53.6, 53.2, 53.1, 52.6, 52.4, 52.3, 52, 51.9, 51.8, 
    51.4, 51, 50.8, 50.7, 50.4, 50.3, 50, 50, 49.5, 49, 48.9, 
    48.8, 48.6, 48.3, 48.3, 48.1, 48, 47.8, 47.5, 46.6, 45.7, 
    45.1, 44.9, 44.1, 44, 43.2, 42.8, 41.8, 41, 37.2), birdie.conversion = c(28.55, 
    27.72, 26.41, 31.29, 30.1, 27.63, 30.25, 29.87, 30.96, 31.06, 
    34.24, 30.02, 30.77, 31.84, 29.97, 30.57, 33.76, 27.52, 28.36, 
    32.71, 29.75, 29.69, 33.89, 30.93, 29.15, 32.14, 31, 26.96, 
    32.67, 33, 32.52, 29.56, 29.18, 30.92, 28.78, 30.48, 30.93, 
    24.89, 26.65, 33.5, 32.45, 31.12, 26.69, 32.11, 28.05, 29.24, 
    30.13, 30.82, 29.45, 30.53, 36.84, 32.56, 31.67, 28.41, 31.49, 
    28.36, 30.26, 31.26, 28.45, 32.4, 29.57, 30.06), BOUNCE.BACK = c(17.9, 
    18.6, 18.8, 24.6, 16.6, 20.8, 17.5, 23.1, 25.1, 19.9, 21.7, 
    15.8, 19.7, 23, 20, 16.6, 21.4, 18.7, 18.4, 23.3, 19, 22.9, 
    20.7, 18.3, 20.2, 18.6, 21, 21.4, 25.3, 18.4, 24.1, 20.5, 
    27.4, 18.2, 20.6, 19.3, 18.6, 14.5, 22.8, 23.1, 20.7, 21.9, 
    19.8, 20.2, 22.8, 15.8, 18.5, 20.3, 14.1, 19.1, 22, 21.7, 
    20.8, 22.8, 23.2, 18.6, 16.9, 21.3, 20.5, 24.3, 21.7, 22.3
    ), AVG. = c(113.6, 106.74, 111.43, 115.62, 110.95, 115.27, 
    115.9, 108.29, 114.74, 111.66, 111.56, 117.49, 112.21, 114, 
    119.83, 108.92, 118.21, 106.64, 112.22, 117.24, 112.6, 109.77, 
    119.58, 111.11, 107.73, 114.21, 117.05, 110.45, 122.33, 121.34, 
    117.91, 110.09, 109.95, 114.86, 114.95, 114, 116.94, 118.02, 
    110.26, 117.06, 115.48, 117.8, 113.52, 111.95, 114.01, 111.99, 
    110.22, 114.23, 112.68, 110.99, 121.56, 119.45, 116.44, 113.65, 
    120.36, 115.44, 118.53, 113.38, 113.67, 123.7, 122.5, 118.42
    ), FASTEST.SPEED = c(118.58, 110.17, 115.37, 121.06, 114.91, 
    120.01, 119.64, 111.73, 118.83, 114.09, 115.5, 120.19, 116.02, 
    117.14, 125.72, 111.66, 121.2, 113.35, 115.07, 120.52, 115.28, 
    113.34, 121.82, 115.22, 113.24, 119.59, 120.5, 114.91, 127.91, 
    123.94, 122.69, 114.05, 114.13, 120.72, 117.83, 117.27, 120.73, 
    121.49, 113.8, 119.78, 119.59, 121.47, 118.94, 114.94, 116.59, 
    116.9, 114.18, 117.51, 117.12, 113.87, 124.74, 122.16, 120.51, 
    117.74, 123.91, 118.03, 120.72, 116.05, 119.06, 126.93, 125.55, 
    122.16), SLOWEST.SPEED = c(109.59, 103, 108.04, 108.51, 107.44, 
    111.77, 112.74, 104.66, 111.63, 107.87, 106.09, 114.14, 108.7, 
    110.42, 116.23, 105.87, 113.81, 103.78, 103.01, 114.22, 109.28, 
    107.14, 115.53, 107.97, 104.78, 110.59, 112.93, 106.83, 119.27, 
    118.32, 114.8, 106.8, 106.72, 111.21, 112.14, 109.59, 113.04, 
    114.24, 103.87, 113.95, 112.88, 114.96, 104.24, 107.78, 109, 
    109.07, 101.5, 111.33, 109.12, 107.35, 117.58, 116.05, 112.06, 
    109.81, 117.29, 112.84, 115.44, 109.68, 109.97, 120.45, 118.4, 
    115.11), GOING.FOR.THE.GREEN.. = c(51.17, 32.78, 50.39, 58.95, 
    41.36, 53.87, 51, 31.92, 54.82, 51.67, 50, 59.46, 51.25, 
    55.02, 57.46, 45.25, 64.17, 35.79, 54.79, 66.37, 51.02, 35.57, 
    66.84, 50.57, 44.07, 55.02, 64.5, 45.82, 61.59, 71.83, 64.41, 
    44.74, 37.66, 50.94, 47.51, 47.74, 60.34, 49.54, 30.83, 62.26, 
    61.78, 52.94, 51.06, 46.31, 48.86, 57.33, 48.67, 52.08, 50.37, 
    47.95, 76.14, 58.89, 57.86, 55.82, 65.49, 55.1, 52.56, 52.16, 
    61.37, 67.51, 66.42, 60.95), HIT.FAIRWAY.PCT = c(63.15, 51.79, 
    61.06, 58.12, 56.32, 63.99, 55.79, 64.13, 57.18, 61.8, 57.95, 
    58.89, 64.84, 54.3, 60.87, 67.33, 60.16, 66.51, 65.13, 58.94, 
    63.65, 69.06, 61.17, 62.48, 70.02, 60.69, 60.33, 64.97, 56.9, 
    56.2, 61.39, 60.51, 62.87, 58.4, 64.34, 60.38, 61.85, 59.24, 
    71.9, 51.25, 60.97, 60.1, 61.98, 60.18, 58.49, 53.02, 64.66, 
    64.13, 59.09, 69.28, 60, 56.23, 59.35, 66.77, 68.82, 60.48, 
    60.2, 68.06, 65.19, 60.95, 59.01, 59.14), ONE.PUTT.PCT = c(38, 
    43, 37, 43, 40, 38, 41, 42, 39, 42, 46, 40.51, 42, 42, 41, 
    40, 42, 40, 38, 41, 36.21, 41, 40, 40, 40, 40, 39, 38, 40, 
    40, 42, 40, 42, 41, 39, 40, 39, 36, 39, 41, 41, 39, 36, 43, 
    39, 41, 41, 39, 41, 39, 42, 43, 40, 35, 35.7, 37.08, 40, 
    40, 35, 39, 38, 38), PAR.5 = c(4.62, 4.79, 4.65, 4.7, 4.74, 
    4.58, 4.67, 4.66, 4.59, 4.61, 4.63, 4.59, 4.57, 4.68, 4.65, 
    4.65, 4.52, 4.84, 4.69, 4.65, 4.61, 4.63, 4.48, 4.65, 4.58, 
    4.55, 4.74, 4.63, 4.6, 4.53, 4.59, 4.69, 4.66, 4.64, 4.71, 
    4.72, 4.69, 4.66, 4.63, 4.62, 4.67, 4.6, 4.7, 4.64, 4.68, 
    4.71, 4.66, 4.74, 4.72, 4.68, 4.55, 4.73, 4.7, 4.63, 4.57, 
    4.81, 4.66, 4.7, 4.64, 4.58, 4.67, 4.67), prox.to.hole = c(35.11, 
    37.1, 34.11, 35.8, 37.7, 36.2, 36.4, 35.3, 34.8, 35.6, 36.1, 
    35.3, 35, 36.6, 34, 35.1, 37.4, 35.8, 36.7, 35.1, 34.1, 33.11, 
    35.2, 35.11, 33.4, 32.7, 36.2, 36.2, 34, 32.1, 35.1, 33.5, 
    36.1, 36.3, 35, 34.8, 35, 38, 32, 36.6, 38.7, 32.2, 35.5, 
    36.5, 36.9, 38.1, 35.5, 36.11, 37.2, 34, 34.4, 37.9, 34.7, 
    36.4, 36.6, 35.4, 35, 36, 34.6, 34.1, 36.1, 35.9), Putts.per.round = c(29.333, 
    28.4, 29.542, 28.577, 28.774, 29.172, 28.756, 28.324, 28.853, 
    28.442, 27.857, 28.708, 28.457, 28.525, 28.586, 28.739, 28.339, 
    28.778, 29.329, 28.729, 29.667, 28.565, 28.765, 28.833, 28.896, 
    28.875, 29, 29.161, 28.946, 28.737, 28.459, 28.649, 28.589, 
    28.824, 28.925, 29.211, 28.875, 29.7, 28.963, 28.729, 28.946, 
    29, 29.65, 28.643, 29.425, 28.684, 28.736, 28.924, 28.784, 
    29.048, 28.594, 28.349, 28.968, 29.856, 29.889, 29.978, 28.901, 
    29, 29.764, 28.986, 29.098, 29.391),