structure(list(RK = c(3, 8, 12, 13, 21, 26, 27, 30, 31, 33, 35, 
42, 47, 49, 51, 52, 57, 61, 62, 68, 69, 72, 76, 77, 78, 82, 83, 
88, 91, 104, 105, 107, 109, 111, 117, 119, 131, 134, 136, 140, 
145, 156, 158, 162, 164, 167, 168, 172, 174, 177, 179, 182, 184, 
188, 192), YDS.DRIVE = c(308.5, 304.5, 300, 299.1, 296.5, 295.8, 
295.7, 295.5, 295, 294.4, 294.2, 293.3, 292.7, 292.4, 292.3, 
292.1, 291.8, 291.4, 291.4, 290.6, 290.6, 290.2, 289.7, 289.6, 
289.3, 289.1, 289.1, 288.6, 288.4, 287, 286.9, 286.9, 286.8, 
286.4, 285.5, 285.1, 283.1, 282.9, 282.3, 281.9, 281.3, 279.7, 
279.5, 279, 278.9, 278.6, 278.6, 277.8, 277.4, 277, 276, 275.5, 
273.9, 272.2, 266.4), DRIVING.ACC. = c(56.4, 54.5, 62.6, 52.7, 
62.6, 57.2, 62.8, 64.6, 58.4, 62.9, 61.3, 64.2, 63.7, 64, 63.3, 
56.7, 67.9, 64.8, 66.7, 62, 68, 67.2, 68, 61.7, 64, 64.8, 60.3, 
64.3, 60.2, 57.9, 57.1, 67.9, 62.7, 64.1, 58.4, 69, 66, 68.5, 
71.1, 69.2, 71.9, 71.2, 61, 70.5, 72.4, 66.5, 68.2, 69.5, 66, 
62.4, 71, 70.1, 53.8, 73.7, 74), DRVE.TOTAL = c(175, 190, 127, 
201, 136, 190, 138, 110, 190, 143, 169, 130, 142, 141, 153, 221, 
95, 136, 113, 192, 104, 118, 111, 203, 170, 159, 225, 170, 237, 
265, 271, 144, 222, 200, 276, 144, 191, 164, 145, 164, 151, 164, 
292, 173, 169, 223, 201, 194, 232, 297, 189, 201, 369, 192, 195
), GREENS.IN.REG. = c(68, 65.8, 66.2, 65.1, 69.6, 65.5, 67.4, 
68.2, 66.7, 69.6, 68.7, 69.9, 66.1, 68.6, 68.6, 61.9, 68.7, 66, 
65.1, 67.5, 69, 72.5, 66.7, 66, 68.2, 68.2, 65, 66, 67.9, 67.7, 
64.2, 69.4, 62.5, 66.1, 68.2, 68.3, 65.2, 68.3, 68.2, 66.7, 67.6, 
66.5, 63.2, 64.8, 66.7, 65.9, 63.9, 65.1, 59.5, 65.3, 67.1, 68, 
57.9, 66.7, 63.4), PUTT.AVG. = c(1.767, 1.799, 1.795, 1.762, 
1.764, 1.744, 1.783, 1.794, 1.792, 1.799, 1.753, 1.774, 1.809, 
1.777, 1.79, 1.75, 1.797, 1.766, 1.796, 1.77, 1.825, 1.812, 1.768, 
1.797, 1.817, 1.77, 1.768, 1.764, 1.768, 1.752, 1.772, 1.739, 
1.804, 1.833, 1.776, 1.794, 1.774, 1.746, 1.752, 1.812, 1.753, 
1.739, 1.781, 1.793, 1.802, 1.752, 1.759, 1.755, 1.769, 1.751, 
1.767, 1.8, 1.761, 1.756, 1.735), SAVE.PCT. = c(44.8, 45, 52.5, 
53.6, 43.3, 52.4, 54.6, 45, 49.3, 53, 47.9, 44.5, 36.5, 45, 51.9, 
53.7, 45.8, 54.6, 52.3, 41.7, 56.3, 54.4, 45.8, 50.8, 48.2, 55.6, 
58.9, 51.1, 48.4, 57.3, 44.2, 56.2, 54.6, 59.8, 54.3, 52.7, 59.1, 
54.8, 52.7, 47.1, 50, 56.3, 57.2, 52.3, 50, 54.8, 48.3, 47.7, 
47.8, 65.8, 48, 54.9, 59.5, 61.6, 59.3), birdie.conversion = c(32.57, 
28.86, 28.76, 32.81, 31.57, 32.19, 30.1, 29.39, 28.95, 29.52, 
31.38, 29.21, 28.2, 29.37, 28.76, 29.65, 28.31, 29.69, 27.8, 
30.31, 24.88, 25.84, 29.92, 29.01, 26.77, 29.46, 32.13, 30.24, 
29.51, 31.46, 28.87, 31.22, 26.13, 24.54, 28.84, 26.63, 28.93, 
30.8, 29.94, 27.76, 30.17, 30.58, 28.07, 26.87, 26.61, 30.31, 
28.76, 29.21, 27.92, 28.54, 28.33, 24.5, 28.47, 28.39, 29.12), 
    BOUNCE.BACK = c(21.37, 22.56, 16.89, 19.7, 20.94, 17.89, 
    22.52, 22.67, 18.29, 21.94, 18.66, 17.04, 26.79, 22.94, 23.08, 
    25, 17.39, 20.63, 23.43, 26.75, 14.92, 21.37, 22.33, 16.5, 
    18.54, 21.67, 20.18, 20.2, 19.08, 19.08, 22.44, 21.67, 17.27, 
    17.61, 20, 22.73, 19.5, 17.72, 23.81, 19.77, 20, 21.79, 20.4, 
    22.14, 18.94, 20.91, 15.61, 20.53, 22.31, 17.53, 22.54, 17.65, 
    13.74, 18.32, 18.14), AVG. = c(121.94, 120.63, 116.55, 119.56, 
    118.5, 114.84, 116.41, 114.78, 116.82, 118.42, 119.37, 118.55, 
    118.83, 115.53, 113.77, 115.43, 112.31, 115.32, 112.04, 114.43, 
    111.14, 117.19, 113.9, 114.77, 113.61, 112.87, 114.06, 113.56, 
    113.92, 114.08, 114.6, 110.76, 110.84, 115.78, 116.87, 112.57, 
    111.24, 111.18, 108.96, 111.15, 107.18, 107.92, 111.35, 108.44, 
    106.9, 111.35, 106.92, 108.05, 108.7, 110.86, 108.83, 108.42, 
    108.78, 105.88, 103.04), FASTEST.SPEED = c(127.84, 123.61, 
    122.69, 123.61, 123.45, 120.41, 120.19, 119.29, 121.56, 124.98, 
    125.75, 123.9, 123.79, 120.51, 117.85, 120.97, 117.03, 120.97, 
    116.96, 116.95, 117.13, 121.83, 119.94, 118.92, 118.03, 116.88, 
    118.07, 118.61, 118.58, 118, 119.29, 115.07, 115.23, 122.35, 
    120.59, 115.96, 115.79, 116.48, 112.31, 114.98, 110.71, 114.78, 
    117.02, 111.88, 110.4, 115.51, 109.71, 113.02, 112.62, 115.89, 
    113.33, 112.26, 112.95, 110.82, 108.02), SLOWEST.SPEED = c(118.28, 
    116.16, 112.02, 114.72, 114.84, 111.1, 112.05, 109.25, 112.57, 
    114.68, 115.62, 113.9, 114.44, 111.45, 110.11, 110.25, 107.96, 
    109.43, 106.31, 111.25, 106.61, 108.65, 109.98, 111.21, 110.2, 
    108.29, 111.1, 109.93, 110.34, 110.97, 110.73, 106.91, 108.38, 
    106.88, 113.28, 107.95, 107.84, 107.72, 104.92, 106.16, 104.06, 
    104.61, 105.89, 104.79, 102.44, 106.48, 103.2, 102.53, 105.12, 
    106.71, 104.66, 105.77, 105.84, 102.11, 99.77), GOING.FOR.THE.GREEN.. = c(71.85, 
    66.15, 68.28, 64.84, 61.45, 52.53, 61.36, 57.88, 57.61, 55.17, 
    52.67, 58.27, 53.38, 52.05, 51.81, 50.62, 60.32, 58.24, 51.06, 
    48.76, 47.49, 55.73, 58.11, 59.49, 53.47, 54.67, 57.95, 53.52, 
    54.59, 42.35, 41.55, 51.47, 46.55, 38.62, 49.17, 42.76, 41.31, 
    41.38, 42.27, 50.61, 41.95, 45.59, 41.84, 43.14, 37.41, 45.83, 
    38.54, 32.3, 36.71, 32.09, 40.48, 30.53, 40.15, 26.18, 22.97
    ), HIT.FAIRWAY.PCT = c(55.17, 52.92, 61.3, 51.87, 61.67, 
    56.53, 63.6, 65.19, 57.85, 60.86, 61.24, 63.9, 61.38, 63.62, 
    61.78, 56, 67.1, 65.89, 67.29, 62.11, 67.14, 66.08, 67.97, 
    60.59, 63.34, 64.73, 60.82, 64.4, 58.01, 57.18, 56.97, 67.66, 
    63.01, 63.87, 58.62, 69.4, 65.8, 67.39, 70.09, 68.86, 71.52, 
    70.46, 61.68, 70.02, 71.64, 65.8, 69.03, 69.13, 66.93, 61.38, 
    72.03, 70.31, 52.57, 73.12, 73.86), ONE.PUTT.PCT = c(38.28, 
    37.39, 39.1, 39.91, 38.13, 40.21, 36.79, 36.56, 38.31, 35.78, 
    39.18, 37.16, 35.26, 38.06, 36.56, 41.57, 37.1, 39.12, 33.13, 
    37.38, 35.21, 33.39, 39.38, 38.5, 36.65, 37.01, 38.82, 38.65, 
    38.49, 39.81, 36.15, 40.23, 39, 35.76, 38.08, 35.64, 37.47, 
    40.05, 39.43, 37.04, 40.65, 40.48, 40.57, 34.23, 35.62, 41.04, 
    40.79, 39.27, 36.61, 41.09, 39.64, 36.89, 42.5, 39.93, 43.93
    ), PAR.5 = c(4.58, 4.67, 4.78, 4.58, 4.65, 4.72, 4.63, 4.66, 
    4.67, 4.67, 4.64, 4.59, 4.66, 4.59, 4.61, 4.65, 4.66, 4.6, 
    4.62, 4.73, 4.74, 4.68, 4.63, 4.72, 4.72, 4.62, 4.68, 4.71, 
    4.63, 4.67, 4.83, 4.56, 4.76, 4.71, 4.73, 4.77, 4.65, 4.58, 
    4.67, 4.69, 4.72, 4.71, 4.8, 4.67, 4.72, 4.66, 4.73, 4.71, 
    4.7, 4.71, 4.7, 4.73, 4.75, 4.71, 4.72), prox.to.hole = c(36.3, 
    37.11, 35.6, 33.1, 34.4, 34.11, 35.6, 36.7, 34.5, 34.1, 34.7, 
    34.5, 34.9, 35.6, 34, 34.9, 35.9, 35.1, 34.9, 36.2, 33, 34.1, 
    34.9, 34.7, 35.3, 35.7, 36.5, 34.6, 36.2, 33.8, 34.4, 34.9, 
    37.4, 34.4, 34.4, 32.8, 32.4, 32.6, 33.3, 34.7, 32.8, 34.5, 
    37.3, 34.6, 32.9, 34.1, 34.2, 34.2, 35.4, 33.6, 33.9, 34.8, 
    35.5, 30.3, 32.1), Putts.per.round = c(29.37, 29.48, 29.27, 
    28.79, 29.32, 28.77, 29.65, 29.59, 29.44, 30.07, 29.07, 29.48, 
    29.88, 29.48, 29.84, 28.3, 29.6, 28.65, 29.94, 29.53, 29.97, 
    30.08, 29.05, 29.43, 29.8, 29.31, 29.36, 29.07, 28.99, 29.22, 
    29.48, 28.74, 28.9, 29.89, 29.32, 29.52, 29.23, 28.69, 29.07, 
    29.82, 28.89, 28.73, 28.94, 29.63, 29.62, 28.57, 28.75, 29.02, 
    29.19, 28.46, 28.74, 29.6, 28.16, 28.87, 28.02), ROUGH.TENDENCY = c(34.49, 
    37.8, 30.56, 37.32, 30.42, 32.79, 28.19, 27.21, 32.62, 30.78, 
    29.8, 27.12, 28.25, 29.46, 30.7, 34, 25.67, 27.12, 24.47, 
    29.51, 25.7, 26.6, 25.06, 31.27, 29.68, 27.93, 29.17, 27.07, 
    32.81, 33.38, 32.01, 25.22, 29.89, 27.57, 31.3, 24.11, 25.3, 
    26.32, 23.69, 24.24, 21.98, 22.47, 30.08, 23.08, 21.3, 27.87, 
    22.06, 25.17, 25.65, 31.31, 22.69, 23.36, 34.74, 21.27, 20.02
    ), SAND.SAVE.PERCENTAGE = c(44.78, 45.05, 52.48, 53.62, 43.26, 
    52.41, 54.62, 45.04, 49.32, 53.04, 47.87, 44.52, 36.49, 45, 
    51.91, 53.7, 45.75, 54.62, 52.35, 41.67, 56.25, 54.4, 45.8, 
    50.83, 48.18, 55.56, 58.94, 51.15, 48.44, 57.28, 44.21, 56.2, 
    54.63, 59.77, 54.34, 52.27, 59.06, 54.84, 52.7, 47.1, 50, 
    56.29, 57.23, 52.35, 50, 54.81, 48.32, 47.73, 47.83, 66.39, 
    48.04, 54.87, 59.48, 61.59, 59.26),