structure(list(RK = c(1, 3, 4, 5, 7, 11, 12, 16, 22, 23, 28, 
29, 32, 35, 36, 40, 42, 47, 52, 53, 57, 58, 60, 61, 63, 64, 65, 
67, 79, 80, 81, 92, 96, 99, 105, 110, 111, 113, 117, 119, 128, 
136, 138, 145, 146, 148, 152, 158, 162, 165, 168, 170, 171, 177, 
180, 184, 186), YDS.DRIVE = c(315.5, 310.3, 310.2, 310.1, 308.6, 
304.6, 304.5, 302.7, 299.7, 299.5, 298.2, 298.1, 297.4, 297.1, 
296.8, 296.1, 295.8, 295.4, 294.6, 294.4, 293.6, 293.3, 293.2, 
293.1, 292.8, 292.4, 292.4, 292.2, 291, 290.9, 290.9, 290, 289.5, 
289.4, 288.8, 288.7, 288.6, 288.3, 287.6, 287.4, 286.2, 285.5, 
285.4, 285, 284.9, 284.5, 284, 283.4, 282.3, 281.5, 281.1, 280.1, 
280, 277.7, 276.7, 275.5, 274.8), DRIVING.ACC. = c(58.8, 56.6, 
56.3, 56.6, 52.5, 59.6, 56.1, 61.7, 57, 62.4, 59.2, 62.2, 63.9, 
57.6, 58.9, 64.8, 61.4, 61.6, 56.7, 54.3, 59.9, 64.5, 64.4, 67.7, 
61.6, 66.9, 61.2, 63.6, 65.9, 65.8, 59.7, 53.3, 64.1, 55.2, 53.4, 
60.5, 61.5, 68.7, 65.8, 58, 65.1, 70.1, 63.3, 65.1, 61.1, 64.2, 
64.7, 59.4, 64.1, 65.9, 68.5, 65.2, 70.7, 62.1, 71.6, 69.8, 69.7
), DRVE.TOTAL = c(1, 3, 4, 5, 7, 10, 12, 16, 22, 23, 28, 29, 
32, 35, 36, 40, 42, 47, 51, 53, 57, 58, 60, 61, 63, 64, 64, 66, 
79, 80, 80, 92, 96, 99, 105, 110, 111, 113, 117, 119, 128, 136, 
138, 145, 146, 148, 152, 158, 162, 165, 168, 170, 171, 177, 180, 
184, 186), GREENS.IN.REG. = c(69.9, 69.2, 65.8, 66.4, 61.3, 66.6, 
65.7, 66.5, 58.6, 68.8, 65.3, 69.8, 67.6, 63.9, 66.4, 67.1, 62.7, 
66.2, 66.5, 64.1, 62.2, 69.1, 65, 69, 64.7, 69.2, 65, 65.2, 68.6, 
70.3, 63.5, 55, 60.2, 62.8, 64.3, 63.7, 67.5, 66.4, 66.4, 61.9, 
65.4, 66.3, 68.3, 61.6, 58.5, 60, 66.5, 63.3, 63.6, 61.3, 65, 
65, 68.2, 62.7, 63.2, 66.1, 64.4), PUTT.AVG. = c(1.77, 1.784, 
1.762, 1.738, 1.756, 1.786, 1.747, 1.758, 1.807, 1.756, 1.775, 
1.77, 1.761, 1.74, 1.777, 1.738, 1.78, 1.787, 1.797, 1.747, 1.749, 
1.803, 1.773, 1.786, 1.79, 1.756, 1.762, 1.802, 1.769, 1.78, 
1.818, 1.804, 1.805, 1.804, 1.81, 1.725, 1.735, 1.769, 1.742, 
1.792, 1.752, 1.739, 1.747, 1.765, 1.749, 1.793, 1.791, 1.774, 
1.785, 1.753, 1.726, 1.745, 1.774, 1.76, 1.79, 1.78, 1.762), 
    SAVE.PCT. = c(39.3, 44.5, 53.8, 56.2, 54.4, 45.7, 48.9, 55.3, 
    46.4, 44.2, 43.2, 54.4, 49, 56.7, 47.2, 48.1, 51.8, 50.9, 
    48, 55.1, 59.4, 40, 48.6, 45.9, 45.9, 56.7, 56.4, 58.6, 48.8, 
    62.8, 50, 52.4, 54.4, 48.9, 44.9, 57.9, 51.2, 51, 52.7, 39.4, 
    60.1, 33.3, 47.6, 56.1, 50.8, 41.8, 45.5, 53.4, 48.7, 54, 
    57.2, 56.5, 65.2, 62.3, 54.3, 59.2, 38.4), birdie.conversion = c(30.88, 
    31.71, 31.09, 34.68, 32.18, 30.45, 32.2, 32.13, 26.84, 30.12, 
    30.92, 30.83, 31.66, 31.47, 30.15, 32.46, 30.38, 29.47, 26.8, 
    33.48, 30.16, 28.31, 29.72, 27.14, 27.8, 31.4, 29.56, 27.93, 
    29.83, 28.52, 26.76, 26.65, 28.8, 27.85, 25.87, 33.67, 32.72, 
    29.47, 32.08, 27.59, 29.53, 31.26, 30.46, 29.89, 30.32, 29.7576785714286, 
    28.87, 29.97, 27.47, 29.89, 32, 29.17, 25.88, 27.96, 25.87, 
    28.2, 27.96), BOUNCE.BACK = c(18.71, 26.64, 20.11, 21.23, 
    21.79, 22.42, 22.1, 26.09, 17.39, 24.86, 23.45, 21.39, 18.9, 
    19.33, 19.3, 20.75, 22.15, 20.79, 20.67, 21.05, 21.43, 26.22, 
    20.48, 19.82, 17.81, 22.92, 19.46, 17.45, 22.89, 15.95, 18.07, 
    14.77, 18.75, 12.78, 15.18, 25.85, 21.94, 22.26, 20.23, 20.86, 
    20.1, 25.75, 19.88, 21.48, 20.3, 20.5607142857143, 20.7, 
    18.6, 17.62, 20.37, 22.98, 24.68, 22.35, 17.84, 14.71, 16.77, 
    23.03), AVG. = c(124.69, 121.37, 121.62, 120.21, 119.16, 
    119.3, 117.59, 116.83, 119.08, 116.79, 117.74, 117.2, 120.94, 
    113.85, 118.69, 114.09, 116.89, 113.75, 113.2, 116.81, 114.92, 
    113.11, 115.64, 112.05, 115.43, 112.6, 119.13, 115.55, 115.9, 
    114.63, 118.16, 113.55, 120.71, 115.52, 115.94, 110.75, 113.34, 
    111.11, 111.51, 113.47, 108.13, 112.4, 112.22, 110.97, 112.73, 
    114.345714285714, 110.52, 111.63, 109.62, 112.97, 107.57, 
    110.69, 109.6, 104.58, 104.37, 104.29, 108.25), FASTEST.SPEED = c(129.43, 
    124.97, 126.26, 123.68, 123.6, 122.91, 121.13, 121.02, 121.73, 
    121.11, 120.52, 120.12, 125.34, 117.96, 122.27, 118.28, 119.29, 
    116.73, 116.4, 119.9, 116.91, 115.92, 120.64, 114.31, 118.85, 
    119.9, 123.52, 118.55, 120.17, 118.77, 122.42, 116.35, 123.53, 
    119.1, 121.39, 113.84, 117.73, 114.23, 116.46, 117.61, 110.93, 
    115.15, 115.67, 113.82, 116.16, 118.048214285714, 115.64, 
    114.25, 116.1, 120.41, 110.55, 113.54, 112.95, 107.95, 106.83, 
    106.78, 111.12), SLOWEST.SPEED = c(121.22, 118.82, 111.63, 
    117.16, 115.7, 116.55, 114.09, 113.82, 116.12, 113.12, 115.24, 
    113.16, 117.87, 110.55, 113.02, 110.47, 114.64, 110.38, 110.16, 
    113.07, 112.56, 109.84, 112.62, 109.57, 112.55, 105.92, 116.03, 
    112.92, 111.6, 111.11, 113.49, 110.45, 114.69, 109.32, 112.85, 
    108.01, 109.47, 107.95, 107, 110.19, 104.54, 110.44, 109.81, 
    108.44, 109.18, 110.645, 106.62, 108.77, 105.38, 105.23, 
    104.47, 104.13, 106.5, 102.33, 100.21, 99.63, 105.51), GOING.FOR.THE.GREEN.. = c(80.61, 
    75.09, 69.14, 75.38, 60.48, 63.31, 64.06, 70.04, 60.45, 62.58, 
    66.2, 70.63, 63.58, 54.35, 53.98, 57.64, 63.08, 63.48, 55.11, 
    62.22, 58.28, 50.59, 62.14, 56.6, 53.71, 56.5, 69.44, 64.5, 
    63.09, 55.38, 47.78, 47.01, 66.9, 51.62, 47.29, 49.33, 61.51, 
    57.72, 46.86, 47.3, 44.87, 47.41, 48.26, 50.71, 48, 55.4914285714286, 
    55.74, 37.55, 47.66, 53.94, 48.47, 42.2, 38.12, 27.84, 38.1, 
    37.28, 36.41), HIT.FAIRWAY.PCT = c(58.67, 56.95, 57.38, 55.94, 
    53.65, 59.75, 57.3, 62.54, 58.9, 62.39, 59.23, 61.44, 63.06, 
    56.76, 59.03, 63.67, 63.59, 62.76, 57.21, 55.37, 61.07, 64.82, 
    65.43, 67.26, 63.13, 66.37, 61.41, 63.6, 64.8, 64.26, 58.76, 
    53.15, 64.84, 55.22, 52.57, 60.56, 60.96, 68.27, 66.43, 58.76, 
    63.71, 71.19, 64.72, 68.43, 60.18, 62.3348214285714, 65.77, 
    61.03, 64.54, 66.92, 68.87, 62.9, 71.38, 62.86, 72.52, 69.56, 
    68.91), ONE.PUTT.PCT = c(35.61, 37.95, 40.71, 40.84, 42.63, 
    36.49, 40.82, 40.4, 33.13, 36.6, 38.43, 35.91, 40.05, 41.73, 
    38.83, 40.36, 39.92, 37.43, 38.18, 42.76, 41.89, 35.37, 39.36, 
    35.09, 37.02, 39.91, 39.29, 37.32, 37.46, 37.83, 38.08, 35.26, 
    34.86, 38.62, 35.99, 44.3, 40.13, 38.5, 40.45, 39.44, 41.06, 
    39.51, 38.97, 42.26, 42.92, 38.9407142857143, 37.44, 40.07, 
    36.75, 41.28, 42.61, 39.96, 38.49, 41.76, 38.15, 39.46, 35.04
    ), PAR.5 = c(4.51, 4.57, 4.56, 4.49, 4.67, 4.57, 4.62, 4.56, 
    4.66, 4.61, 4.67, 4.65, 4.56, 4.66, 4.62, 4.61, 4.73, 4.64, 
    4.7, 4.59, 4.61, 4.64, 4.61, 4.75, 4.68, 4.61, 4.54, 4.66, 
    4.62, 4.66, 4.76, 4.63, 4.59, 4.68, 4.74, 4.59, 4.6, 4.65, 
    4.73, 4.73, 4.67, 4.75, 4.62, 4.68, 4.72, 4.64589285714286, 
    4.68, 4.63, 4.67, 4.72, 4.6, 4.59, 4.65, 4.7, 4.74, 4.71, 
    4.71), prox.to.hole = c(36, 34.2, 33.11, 33.1, 36.1, 35.7, 
    35.5, 35.2, 36.11, 34.1, 38.1, 35.1, 33.7, 35.2, 34.9, 33.1, 
    33.8, 34.11, 35.8, 37.6, 35.1, 35.3, 35.3, 35.5, 35.8, 33, 
    36.9, 38.7, 37.3, 34.7, 36.5, 36, 39.4, 37.5, 36.1, 35.5, 
    35.4, 36.5, 34.7, 35.8, 34.3, 33.1, 32.2, 35.8, 38, 35.29, 
    35.9, 35.1, 35.11, 36.2, 35.1, 34.8, 32.1, 35, 33.3, 34.7, 
    34), Putts.per.round = c(29.73, 29.56, 28.64, 28.72, 28.42, 
    29.53, 28.74, 28.88, 29.72, 29.46, 29.52, 30.06, 28.91, 28.46, 
    29.29, 28.81, 28.74, 29.41, 29.4, 28.49, 28.41, 30.01, 29.17, 
    29.9, 29.34, 29.07, 28.66, 29.33, 29.44, 29.41, 29.59, 29.44, 
    29.3, 29.26, 29.7, 27.92, 28.79, 29.15, 28.87, 29.1, 28.51, 
    29.02, 29.06, 28.39, 28.5, 29.0744642857143, 29.48, 29, 29.3, 
    28.39, 28.45, 28.63, 29.05, 28.13, 29.33, 29.22, 29.36), 
    ROUGH.TENDENCY = c(34.41, 34.25, 34.07, 37.41, 36.86, 31.56, 
    33.53, 29.64, 30.72, 28.21, 30.41, 30.27, 30.93, 30.99, 31.18, 
    27.67, 29.71, 28.53, 33.74, 32.44, 30.37, 26.43, 26.48, 25.34, 
    28.05, 25.4, 29.89, 27.68, 25.38, 26.74, 30.9, 37.4, 26.93, 
    34.64, 35.77, 29, 30.32, 24.47, 24.78, 29.3, 28.18, 20.53, 
    26.66, 23.63, 29.34, 28.9301785714286, 26.52, 29.68, 27.42, 
    23.45, 23.83, 27.75, 23.87, 26.83, 21.73, 24.06, 24.81),