structure(list(RK = c(1, 2, 3, 4, 5, 6, 7, 8, 9, 10, 11, 12, 
13, 14, 15, 16, 17, 18, 19, 20, 21, 22, 23, 24, 25, 26, 27, 28, 
29, 30, 31, 32, 33, 34, 35, 36, 37, 38, 39, 40, 41, 42, 43, 44, 
45, 46, 47, 48, 49, 50, 51, 52, 53, 54, 55, 56, 57, 58, 59, 60, 
61, 62, 63, 64, 65, 66, 67, 68, 69, 70, 71, 72, 73, 74, 75, 76, 
77, 78, 79, 80, 81, 82, 83, 84, 85, 86, 87, 88, 89, 90, 91, 92, 
93, 94, 95, 96, 97, 98, 99, 100, 101, 102, 103, 104, 105, 106, 
107, 108, 109, 110, 111, 112, 113, 114, 115, 116, 117, 118, 119, 
120, 121, 122, 123, 124, 125, 126, 127, 128, 129, 130, 131, 132, 
133, 134, 135, 136, 137, 138, 139, 140, 141, 142, 143, 144, 145, 
146, 147, 148, 149, 150, 151, 152, 153, 154, 155, 156, 157, 158, 
159, 160, 161, 162, 163, 164, 165, 166, 167, 168, 169, 170, 171, 
172, 173, 174, 175, 176, 177, 178, 179, 180, 181, 182, 183, 184, 
185, 186, 187, 188, 189, 190, 191, 192, 193, 194, 195, 196, 197, 
198, 199), YDS.DRIVE = c(311.4, 310.2, 309.1, 308.3, 307.1, 306.7, 
306.5, 305.5, 305.2, 305.2, 305, 304.8, 304, 303.7, 303.5, 302.8, 
302.8, 302.6, 302.1, 301.8, 301.5, 300.8, 300.5, 300.4, 299.8, 
298.8, 298.6, 298.6, 297.9, 297.6, 297.4, 297.3, 297.3, 297.3, 
296.9, 296.7, 296.7, 296.2, 296.1, 296, 295.8, 295.6, 295.1, 
295.1, 295, 294.8, 294.6, 294.3, 294, 294, 293.7, 293.6, 293.6, 
293.5, 293.4, 293.3, 293.2, 293.2, 292.9, 292.8, 292.6, 292.5, 
292, 291.9, 291.9, 291.7, 291.7, 291.7, 291.7, 291.2, 291.2, 
291.2, 291, 291, 290.9, 290.9, 290.8, 290.8, 290.8, 290.7, 290.5, 
290.5, 290.5, 290.3, 290.2, 289.6, 289.5, 289.2, 289.1, 289.1, 
288.9, 288.9, 288.7, 288.7, 288.7, 288.6, 288.6, 288.5, 288.4, 
288.1, 288.1, 287.9, 287.9, 287.7, 287.7, 287.7, 287.7, 287.6, 
287.5, 287.4, 287.4, 287.3, 287.2, 287.1, 287.1, 286.8, 286.7, 
286.7, 286.5, 286.5, 286.1, 286, 286, 286, 285.9, 285.9, 285.6, 
285.6, 285.4, 285.3, 285.2, 285.2, 284.9, 284.7, 284.7, 284.6, 
284.5, 284.5, 284.5, 284.5, 284.4, 284.3, 284.1, 284, 283.9, 
283.8, 283.7, 283.7, 283.7, 283.6, 283.4, 283.1, 283, 283, 282.9, 
282.7, 282.3, 281.7, 281.3, 281.1, 281, 280.9, 280.6, 280.6, 
280.4, 280.2, 280, 280, 279.7, 279.6, 279.2, 278.9, 278.9, 278.7, 
278.6, 278.4, 278.4, 278.4, 278.3, 278.3, 278.2, 277.3, 277.3, 
276.8, 275.9, 275.9, 275.5, 275.1, 274.7, 274.3, 273, 272.1, 
271.5, 271.1, 271.1, 270.8, 269.4, 268.8, 262.6), DRIVING.ACC. = c(52.5, 
53.6, 54.5, 53, 57, 58.1, 62.2, 45, 56.2, 58.9, 60.3, 51.3, 57.6, 
59.2, 57, 58.3, 52.2, 61.4, 51.4, 51.4, 57.7, 56.8, 50.5, 57.9, 
59.3, 60, 56.5, 55.8, 61.9, 60.7, 55.9, 64.4, 50.6, 54.7, 60.4, 
59.2, 64.5, 55.8, 54, 64.6, 62.4, 62.1, 63.6, 56.5, 53.9, 57.2, 
57.7, 58.4, 61.4, 57.4, 63.4, 59.1, 49.2, 61, 54.4, 64, 59.3, 
62.8, 58.8, 56.6, 55.1, 55.9, 61, 57.9, 52.4, 69.4, 65.2, 61.3, 
70.3, 53.8, 58.2, 58.5, 59.8, 60, 52, 61.6, 61.6, 56.9, 56, 67.5, 
66.1, 53, 68.2, 59.5, 62.3, 58.1, 57, 58.2, 63.5, 56.8, 51.7, 
56.9, 53.3, 62.2, 58.7, 57.5, 52.8, 46.9, 66, 60.9, 55.8, 63.7, 
57.6, 62.8, 74.5, 56.1, 62.4, 55.4, 62.5, 64.9, 59.2, 56.1, 62.8, 
61.5, 63.2, 59.9, 63.6, 64.4, 61.5, 59.7, 61, 57.9, 51.8, 51.8, 
68.9, 68, 49.7, 65.9, 64.4, 63.9, 59.1, 69.9, 59, 67.6, 60.9, 
58.9, 60, 55.6, 65.5, 60.2, 61.2, 66.4, 63.9, 56.9, 68.2, 64.2, 
66.9, 65.3, 57.9, 54.2, 56.9, 60, 47.9, 62.9, 66, 63.5, 58.3, 
66.9, 54.2, 68.4, 64.6, 59.8, 65.2, 69.7, 66.9, 66.6, 58.7, 53.6, 
64.6, 66.7, 59.6, 71.6, 66.7, 59.8, 59.1, 69.1, 64.1, 58.7, 64, 
65.2, 55.6, 58, 67.1, 64.2, 65.2, 60.8, 69.5, 72.2, 66.5, 65.4, 
69.4, 66.1, 72.2, 73.9, 69.3, 65, 64, 67.5, 71.6), DRVE.TOTAL = c(1, 
2, 3, 4, 5, 6, 7, 8, 9, 9, 11, 12, 13, 14, 15, 16, 16, 18, 19, 
20, 21, 22, 23, 24, 25, 26, 27, 27, 29, 30, 31, 32, 32, 32, 35, 
36, 36, 38, 39, 40, 41, 42, 43, 43, 45, 46, 47, 48, 49, 49, 51, 
52, 52, 54, 55, 56, 57, 57, 59, 60, 61, 62, 63, 64, 64, 66, 66, 
66, 66, 70, 70, 70, 73, 73, 75, 75, 77, 77, 77, 80, 81, 81, 81, 
84, 85, 86, 87, 88, 89, 89, 91, 91, 93, 93, 93, 96, 96, 98, 99, 
100, 100, 102, 102, 104, 104, 104, 104, 108, 109, 110, 110, 112, 
113, 114, 114, 116, 117, 117, 119, 119, 121, 122, 122, 122, 125, 
125, 127, 127, 129, 130, 131, 131, 133, 134, 134, 136, 137, 137, 
137, 137, 141, 142, 143, 144, 145, 146, 147, 147, 147, 150, 151, 
152, 153, 153, 155, 156, 157, 158, 159, 160, 161, 162, 163, 163, 
165, 166, 167, 167, 169, 170, 171, 172, 172, 174, 175, 176, 176, 
176, 179, 179, 181, 182, 182, 184, 185, 185, 187, 188, 189, 190, 
191, 192, 193, 194, 194, 196, 197, 198, 199), GREENS.IN.REG. = c(64.6, 
65.4, 66.7, 69.2, 66.8, 71.9, 68.1, 63.7, 65.7, 67.9, 69.3, 66.7, 
67.8, 69.4, 69.6, 69.9, 68.1, 71.1, 68, 60.9, 66, 68, 64.9, 70.6, 
66.4, 71.9, 66.7, 66.6, 71.4, 69.8, 67.6, 71.5, 64.2, 65.8, 68.4, 
69, 68.5, 65.8, 64.4, 66.8, 69, 65.5, 69, 62, 65.4, 65.3, 63.9, 
65.9, 65.6, 64.6, 69.9, 62.6, 65, 67.7, 64.6, 64.4, 62.7, 66.2, 
70, 65.2, 69.6, 68.1, 70.1, 62.6, 66.9, 70.5, 64.2, 64.3, 68.7, 
59.6, 62.6, 64.8, 65, 66.4, 63.4, 66.9, 64.8, 66, 64.7, 66.8, 
67, 61.9, 64.4, 63.5, 66.4, 63.9, 66.3, 63.3, 70.4, 66.9, 65.8, 
61.2, 65.1, 63.2, 61.4, 63.4, 64.7, 58.3, 64.4, 63.2, 64.1, 68.8, 
62.4, 65.9, 70.6, 64.9, 63.7, 62.6, 64.6, 68.5, 63.7, 66.7, 69.9, 
63.8, 65.2, 66, 63.8, 67.5, 66, 66.8, 69.1, 58.9, 61.5, 62.8, 
67.5, 67, 61.8, 67.9, 65.2, 64.2, 59.2, 72, 68.1, 65.7, 67.5, 
63.7, 65.4, 62.2, 63.2, 62.1, 65.1, 67.6, 64.4, 67.9, 63.3, 67.2, 
66, 67.6, 60.2, 59.4, 66.1, 65.8, 57.7, 60.7, 67.5, 64.5, 62.4, 
65.8, 65.7, 69.3, 65.9, 64.2, 68, 65.4, 67.4, 68, 64.6, 64.8, 
62.7, 64.6, 62.1, 67.6, 67.7, 61.2, 61.4, 67.1, 62.4, 54.5, 63.2, 
66.4, 62.9, 58.1, 59.3, 65.7, 65.9, 61.1, 62, 64.5, 58.6, 65.1, 
64.1, 59.6, 59.7, 67.2, 62.8, 64.9, 63.1, 66.3, 61.1), PUTT.AVG. = c(1.77, 
1.758, 1.727, 1.783, 1.787, 1.796, 1.792, 1.719, 1.778, 1.76, 
1.75, 1.786, 1.741, 1.775, 1.739, 1.786, 1.749, 1.753, 1.8, 1.905, 
1.788, 1.728, 1.759, 1.801, 1.752, 1.768, 1.755, 1.784, 1.742, 
1.814, 1.751, 1.782, 1.747, 1.769, 1.778, 1.76, 1.807, 1.77, 
1.755, 1.763, 1.812, 1.731, 1.796, 1.799, 1.715, 1.753, 1.774, 
1.823, 1.684, 1.796, 1.793, 1.766, 1.754, 1.763, 1.772, 1.794, 
1.762, 1.803, 1.807, 1.815, 1.791, 1.765, 1.72, 1.77, 1.826, 
1.781, 1.773, 1.771, 1.783, 1.769, 1.774, 1.751, 1.771, 1.748, 
1.789, 1.765, 1.777, 1.799, 1.828, 1.794, 1.778, 1.721, 1.799, 
1.806, 1.774, 1.77, 1.772, 1.728, 1.765, 1.767, 1.742, 1.732, 
1.757, 1.78, 1.805, 1.753, 1.778, 1.772, 1.802, 1.774, 1.743, 
1.78, 1.79, 1.732, 1.828, 1.793, 1.758, 1.734, 1.76, 1.745, 1.729, 
1.768, 1.811, 1.78, 1.76, 1.773, 1.728, 1.763, 1.754, 1.8, 1.789, 
1.763, 1.748, 1.793, 1.774, 1.713, 1.781, 1.788, 1.814, 1.782, 
1.756, 1.789, 1.832, 1.767, 1.782, 1.796, 1.773, 1.797, 1.806, 
1.77, 1.781, 1.755, 1.808, 1.774, 1.755, 1.783, 1.77, 1.807, 
1.764, 1.767, 1.783, 1.754, 1.768, 1.807, 1.738, 1.737, 1.76, 
1.726, 1.781, 1.766, 1.752, 1.784, 1.744, 1.755, 1.75, 1.76, 
1.73, 1.778, 1.734, 1.776, 1.759, 1.803, 1.772, 1.755, 1.785, 
1.719, 1.741, 1.775, 1.815, 1.737, 1.862, 1.762, 1.804, 1.736, 
1.781, 1.715, 1.783, 1.791, 1.78, 1.774, 1.76, 1.755, 1.757, 
1.763, 1.759, 1.802, 1.748, 1.792, 1.785),